
ZAI = [
666
0
];

NAMES = [
'lost            '
'total           '
];

iLOST    = 1;
iTOT     = 2;

MAT_fuelsalt_VOLUME = [ 3.93527E+06 3.93527E+06 3.93527E+06 3.93527E+06 ];

MAT_fuelsalt_BURNUP = [ 0.00000E+00 9.97351E-01 3.98977E+00 8.98303E+00 ];

MAT_fuelsalt_ADENS = [
0.00000E+00 3.50097E-14 1.41243E-13 3.20686E-13 % lost data
7.51248E-02 7.51290E-02 7.51416E-02 7.51627E-02 % total
];

MAT_fuelsalt_MDENS = [
0.00000E+00 0.00000E+00 0.00000E+00 0.00000E+00 % lost data
3.24074E+00 3.24073E+00 3.24071E+00 3.24067E+00 % total
];

MAT_fuelsalt_A = [
0.00000E+00 0.00000E+00 0.00000E+00 0.00000E+00 % lost data
1.54166E+20 1.05927E+20 1.11489E+20 1.13725E+20 % total
];

MAT_fuelsalt_H = [
0.00000E+00 0.00000E+00 0.00000E+00 0.00000E+00 % lost data
1.13370E+07 3.00045E+07 3.09133E+07 3.14295E+07 % total
];

MAT_fuelsalt_SF = [
0.00000E+00 0.00000E+00 0.00000E+00 0.00000E+00 % lost data
2.15750E+11 2.51890E+11 2.65249E+11 2.84463E+11 % total
];

MAT_fuelsalt_GSRC = [
0.00000E+00 0.00000E+00 0.00000E+00 0.00000E+00 % lost data
3.71675E+16 8.81984E+19 9.29599E+19 9.40163E+19 % total
];

MAT_fuelsalt_ING_TOX = [
0.00000E+00 0.00000E+00 0.00000E+00 0.00000E+00 % lost data
8.29458E+10 8.00137E+10 9.28701E+10 9.89101E+10 % total
];

MAT_fuelsalt_INH_TOX = [
0.00000E+00 0.00000E+00 0.00000E+00 0.00000E+00 % lost data
2.06589E+13 2.10840E+13 2.21926E+13 2.37439E+13 % total
];

MAT_fuelsaltp_VOLUME = [ 1.74168E+04 1.74168E+04 1.74168E+04 1.74168E+04 ];

MAT_fuelsaltp_BURNUP = [ 0.00000E+00 1.64473E+00 6.48564E+00 1.32609E+01 ];

MAT_fuelsaltp_ADENS = [
0.00000E+00 6.54243E-14 2.53582E-13 5.17143E-13 % lost data
7.51248E-02 7.51316E-02 7.51517E-02 7.51802E-02 % total
];

MAT_fuelsaltp_MDENS = [
0.00000E+00 0.00000E+00 0.00000E+00 0.00000E+00 % lost data
3.24074E+00 3.24072E+00 3.24066E+00 3.24057E+00 % total
];

MAT_fuelsaltp_A = [
0.00000E+00 0.00000E+00 0.00000E+00 0.00000E+00 % lost data
6.82310E+17 6.77603E+17 6.99763E+17 6.03513E+17 % total
];

MAT_fuelsaltp_H = [
0.00000E+00 0.00000E+00 0.00000E+00 0.00000E+00 % lost data
5.01753E+04 2.10200E+05 2.11407E+05 1.80746E+05 % total
];

MAT_fuelsaltp_SF = [
0.00000E+00 0.00000E+00 0.00000E+00 0.00000E+00 % lost data
9.54872E+08 1.12462E+09 1.21387E+09 1.31144E+09 % total
];

MAT_fuelsaltp_GSRC = [
0.00000E+00 0.00000E+00 0.00000E+00 0.00000E+00 % lost data
1.64496E+14 5.53071E+17 5.69761E+17 4.87354E+17 % total
];

MAT_fuelsaltp_ING_TOX = [
0.00000E+00 0.00000E+00 0.00000E+00 0.00000E+00 % lost data
3.67103E+08 4.28104E+08 5.11843E+08 4.99188E+08 % total
];

MAT_fuelsaltp_INH_TOX = [
0.00000E+00 0.00000E+00 0.00000E+00 0.00000E+00 % lost data
9.14325E+10 9.42582E+10 1.01634E+11 1.09366E+11 % total
];

TOT_VOLUME = [ 3.95269E+06 3.95269E+06 3.95269E+06 3.95269E+06 ];

TOT_BURNUP = [ 0.00000E+00 1.00020E+00 4.00077E+00 9.00188E+00 ];

TOT_ADENS = [
0.00000E+00 3.51437E-14 1.41738E-13 3.21551E-13 % lost data
7.51248E-02 7.51290E-02 7.51416E-02 7.51628E-02 % total
];

TOT_MASS = [
0.00000E+00 0.00000E+00 0.00000E+00 0.00000E+00 % lost data
1.28096E+07 1.28096E+07 1.28095E+07 1.28094E+07 % total
];

TOT_A = [
0.00000E+00 0.00000E+00 0.00000E+00 0.00000E+00 % lost data
1.54848E+20 1.06604E+20 1.12189E+20 1.14329E+20 % total
];

TOT_H = [
0.00000E+00 0.00000E+00 0.00000E+00 0.00000E+00 % lost data
1.13871E+07 3.02147E+07 3.11247E+07 3.16102E+07 % total
];

TOT_SF = [
0.00000E+00 0.00000E+00 0.00000E+00 0.00000E+00 % lost data
2.16705E+11 2.53014E+11 2.66463E+11 2.85774E+11 % total
];

TOT_GSRC = [
0.00000E+00 0.00000E+00 0.00000E+00 0.00000E+00 % lost data
3.73320E+16 8.87515E+19 9.35296E+19 9.45037E+19 % total
];

TOT_ING_TOX = [
0.00000E+00 0.00000E+00 0.00000E+00 0.00000E+00 % lost data
8.33129E+10 8.04418E+10 9.33820E+10 9.94093E+10 % total
];

TOT_INH_TOX = [
0.00000E+00 0.00000E+00 0.00000E+00 0.00000E+00 % lost data
2.07503E+13 2.11783E+13 2.22943E+13 2.38533E+13 % total
];

BU = [ 0.00000E+00 1.00000E+00 4.00000E+00 9.00000E+00 ];

DAYS = [ 0.00000E+00 1.09514E+01 4.38055E+01 9.85625E+01 ];
