
ZAI = [
666
0
];

NAMES = [
'lost            '
'total           '
];

iLOST    = 1;
iTOT     = 2;

MAT_fuelsalt_VOLUME = [ 3.93718E+06 3.93718E+06 3.93718E+06 3.93718E+06 3.93718E+06 ];

MAT_fuelsalt_BURNUP = [ 0.00000E+00 9.98740E-01 3.99647E+00 8.98798E+00 1.59749E+01 ];

MAT_fuelsalt_ADENS = [
0.00000E+00 3.49613E-14 1.41206E-13 3.20910E-13 5.78108E-13 % lost data
7.51248E-02 7.51290E-02 7.51416E-02 7.51627E-02 7.51927E-02 % total
];

MAT_fuelsalt_MDENS = [
0.00000E+00 0.00000E+00 0.00000E+00 0.00000E+00 0.00000E+00 % lost data
3.24074E+00 3.24073E+00 3.24071E+00 3.24067E+00 3.24061E+00 % total
];

MAT_fuelsalt_A = [
0.00000E+00 0.00000E+00 0.00000E+00 0.00000E+00 0.00000E+00 % lost data
1.54241E+20 1.05938E+20 1.11247E+20 1.13743E+20 1.15661E+20 % total
];

MAT_fuelsalt_H = [
0.00000E+00 0.00000E+00 0.00000E+00 0.00000E+00 0.00000E+00 % lost data
1.13425E+07 3.00347E+07 3.09254E+07 3.14241E+07 3.18954E+07 % total
];

MAT_fuelsalt_SF = [
0.00000E+00 0.00000E+00 0.00000E+00 0.00000E+00 0.00000E+00 % lost data
2.15855E+11 2.51993E+11 2.65146E+11 2.84342E+11 3.06729E+11 % total
];

MAT_fuelsalt_GSRC = [
0.00000E+00 0.00000E+00 0.00000E+00 0.00000E+00 0.00000E+00 % lost data
3.71855E+16 8.82010E+19 9.26942E+19 9.40491E+19 9.50104E+19 % total
];

MAT_fuelsalt_ING_TOX = [
0.00000E+00 0.00000E+00 0.00000E+00 0.00000E+00 0.00000E+00 % lost data
8.29860E+10 8.00419E+10 9.27893E+10 9.89085E+10 1.04478E+11 % total
];

MAT_fuelsalt_INH_TOX = [
0.00000E+00 0.00000E+00 0.00000E+00 0.00000E+00 0.00000E+00 % lost data
2.06689E+13 2.10929E+13 2.21868E+13 2.37392E+13 2.54815E+13 % total
];

MAT_fuelsaltp_VOLUME = [ 1.75673E+04 1.75673E+04 1.75673E+04 1.75673E+04 1.75673E+04 ];

MAT_fuelsaltp_BURNUP = [ 0.00000E+00 1.32937E+00 4.93609E+00 1.19941E+01 2.21511E+01 ];

MAT_fuelsaltp_ADENS = [
0.00000E+00 5.03119E-14 1.84280E-13 4.81340E-13 8.83981E-13 % lost data
7.51248E-02 7.51303E-02 7.51454E-02 7.51751E-02 7.52180E-02 % total
];

MAT_fuelsaltp_MDENS = [
0.00000E+00 0.00000E+00 0.00000E+00 0.00000E+00 0.00000E+00 % lost data
3.24074E+00 3.24072E+00 3.24068E+00 3.24059E+00 3.24046E+00 % total
];

MAT_fuelsaltp_A = [
0.00000E+00 0.00000E+00 0.00000E+00 0.00000E+00 0.00000E+00 % lost data
6.88204E+17 5.54605E+17 5.27343E+17 6.30935E+17 6.60316E+17 % total
];

MAT_fuelsaltp_H = [
0.00000E+00 0.00000E+00 0.00000E+00 0.00000E+00 0.00000E+00 % lost data
5.06088E+04 1.72008E+05 1.59672E+05 1.89272E+05 1.96781E+05 % total
];

MAT_fuelsaltp_SF = [
0.00000E+00 0.00000E+00 0.00000E+00 0.00000E+00 0.00000E+00 % lost data
9.63121E+08 1.12694E+09 1.19151E+09 1.30868E+09 1.44687E+09 % total
];

MAT_fuelsaltp_GSRC = [
0.00000E+00 0.00000E+00 0.00000E+00 0.00000E+00 0.00000E+00 % lost data
1.65918E+14 4.52464E+17 4.29231E+17 5.10073E+17 5.31621E+17 % total
];

MAT_fuelsaltp_ING_TOX = [
0.00000E+00 0.00000E+00 0.00000E+00 0.00000E+00 0.00000E+00 % lost data
3.70274E+08 3.86230E+08 4.34392E+08 5.07999E+08 5.51399E+08 % total
];

MAT_fuelsaltp_INH_TOX = [
0.00000E+00 0.00000E+00 0.00000E+00 0.00000E+00 0.00000E+00 % lost data
9.22224E+10 9.43633E+10 9.96458E+10 1.08990E+11 1.19815E+11 % total
];

TOT_VOLUME = [ 3.95475E+06 3.95475E+06 3.95475E+06 3.95475E+06 3.95475E+06 ];

TOT_BURNUP = [ 0.00000E+00 1.00021E+00 4.00064E+00 9.00134E+00 1.60023E+01 ];

TOT_ADENS = [
0.00000E+00 3.50295E-14 1.41398E-13 3.21622E-13 5.79467E-13 % lost data
7.51248E-02 7.51290E-02 7.51416E-02 7.51628E-02 7.51928E-02 % total
];

TOT_MASS = [
0.00000E+00 0.00000E+00 0.00000E+00 0.00000E+00 0.00000E+00 % lost data
1.28163E+07 1.28163E+07 1.28162E+07 1.28160E+07 1.28158E+07 % total
];

TOT_A = [
0.00000E+00 0.00000E+00 0.00000E+00 0.00000E+00 0.00000E+00 % lost data
1.54929E+20 1.06493E+20 1.11775E+20 1.14374E+20 1.16321E+20 % total
];

TOT_H = [
0.00000E+00 0.00000E+00 0.00000E+00 0.00000E+00 0.00000E+00 % lost data
1.13931E+07 3.02067E+07 3.10851E+07 3.16134E+07 3.20922E+07 % total
];

TOT_SF = [
0.00000E+00 0.00000E+00 0.00000E+00 0.00000E+00 0.00000E+00 % lost data
2.16818E+11 2.53120E+11 2.66338E+11 2.85651E+11 3.08176E+11 % total
];

TOT_GSRC = [
0.00000E+00 0.00000E+00 0.00000E+00 0.00000E+00 0.00000E+00 % lost data
3.73514E+16 8.86535E+19 9.31235E+19 9.45592E+19 9.55420E+19 % total
];

TOT_ING_TOX = [
0.00000E+00 0.00000E+00 0.00000E+00 0.00000E+00 0.00000E+00 % lost data
8.33563E+10 8.04281E+10 9.32237E+10 9.94165E+10 1.05029E+11 % total
];

TOT_INH_TOX = [
0.00000E+00 0.00000E+00 0.00000E+00 0.00000E+00 0.00000E+00 % lost data
2.07612E+13 2.11872E+13 2.22865E+13 2.38482E+13 2.56014E+13 % total
];

BU = [ 0.00000E+00 1.00000E+00 4.00000E+00 9.00000E+00 1.60000E+01 ];

DAYS = [ 0.00000E+00 1.09571E+01 4.38284E+01 9.86138E+01 1.75313E+02 ];
