
ZAI = [
666
0
];

NAMES = [
'lost            '
'total           '
];

iLOST    = 1;
iTOT     = 2;

MAT_fuelsalt_VOLUME = [ 3.92755E+06 3.92755E+06 3.92755E+06 ];

MAT_fuelsalt_BURNUP = [ 0.00000E+00 9.97967E-01 3.98881E+00 ];

MAT_fuelsalt_ADENS = [
0.00000E+00 3.16512E-14 1.28078E-13 % lost data
7.41836E-02 7.41878E-02 7.42006E-02 % total
];

MAT_fuelsalt_MDENS = [
0.00000E+00 0.00000E+00 0.00000E+00 % lost data
3.21666E+00 3.21665E+00 3.21662E+00 % total
];

MAT_fuelsalt_A = [
0.00000E+00 0.00000E+00 0.00000E+00 % lost data
1.85519E+20 1.03875E+20 1.09233E+20 % total
];

MAT_fuelsalt_H = [
0.00000E+00 0.00000E+00 0.00000E+00 % lost data
1.36426E+07 2.99952E+07 3.08376E+07 % total
];

MAT_fuelsalt_SF = [
0.00000E+00 0.00000E+00 0.00000E+00 % lost data
2.59627E+11 3.01990E+11 3.14817E+11 % total
];

MAT_fuelsalt_GSRC = [
0.00000E+00 0.00000E+00 0.00000E+00 % lost data
4.47263E+16 8.54738E+19 8.99937E+19 % total
];

MAT_fuelsalt_ING_TOX = [
0.00000E+00 0.00000E+00 0.00000E+00 % lost data
9.98145E+10 8.77882E+10 1.00405E+11 % total
];

MAT_fuelsalt_INH_TOX = [
0.00000E+00 0.00000E+00 0.00000E+00 % lost data
2.48603E+13 2.52611E+13 2.63124E+13 % total
];

MAT_fuelsaltp_VOLUME = [ 1.82632E+04 1.82632E+04 1.82632E+04 ];

MAT_fuelsaltp_BURNUP = [ 0.00000E+00 1.47065E+00 6.52858E+00 ];

MAT_fuelsaltp_ADENS = [
0.00000E+00 5.30024E-14 2.30246E-13 % lost data
7.41836E-02 7.41898E-02 7.42109E-02 % total
];

MAT_fuelsaltp_MDENS = [
0.00000E+00 0.00000E+00 0.00000E+00 % lost data
3.21666E+00 3.21664E+00 3.21657E+00 % total
];

MAT_fuelsaltp_A = [
0.00000E+00 0.00000E+00 0.00000E+00 % lost data
8.62665E+17 6.38080E+17 7.63274E+17 % total
];

MAT_fuelsaltp_H = [
0.00000E+00 0.00000E+00 0.00000E+00 % lost data
6.34381E+04 1.98418E+05 2.32500E+05 % total
];

MAT_fuelsaltp_SF = [
0.00000E+00 0.00000E+00 0.00000E+00 % lost data
1.20727E+09 1.41238E+09 1.51317E+09 % total
];

MAT_fuelsaltp_GSRC = [
0.00000E+00 0.00000E+00 0.00000E+00 % lost data
2.07978E+14 5.16999E+17 6.19766E+17 % total
];

MAT_fuelsaltp_ING_TOX = [
0.00000E+00 0.00000E+00 0.00000E+00 % lost data
4.64139E+08 4.63073E+08 5.89953E+08 % total
];

MAT_fuelsaltp_INH_TOX = [
0.00000E+00 0.00000E+00 0.00000E+00 % lost data
1.15601E+11 1.18205E+11 1.26518E+11 % total
];

TOT_VOLUME = [ 3.94582E+06 3.94582E+06 3.94582E+06 ];

TOT_BURNUP = [ 0.00000E+00 1.00015E+00 4.00057E+00 ];

TOT_ADENS = [
0.00000E+00 3.17501E-14 1.28551E-13 % lost data
7.41836E-02 7.41878E-02 7.42006E-02 % total
];

TOT_MASS = [
0.00000E+00 0.00000E+00 0.00000E+00 % lost data
1.26923E+07 1.26923E+07 1.26922E+07 % total
];

TOT_A = [
0.00000E+00 0.00000E+00 0.00000E+00 % lost data
1.86381E+20 1.04513E+20 1.09997E+20 % total
];

TOT_H = [
0.00000E+00 0.00000E+00 0.00000E+00 % lost data
1.37060E+07 3.01936E+07 3.10701E+07 % total
];

TOT_SF = [
0.00000E+00 0.00000E+00 0.00000E+00 % lost data
2.60834E+11 3.03403E+11 3.16330E+11 % total
];

TOT_GSRC = [
0.00000E+00 0.00000E+00 0.00000E+00 % lost data
4.49342E+16 8.59908E+19 9.06135E+19 % total
];

TOT_ING_TOX = [
0.00000E+00 0.00000E+00 0.00000E+00 % lost data
1.00279E+11 8.82512E+10 1.00995E+11 % total
];

TOT_INH_TOX = [
0.00000E+00 0.00000E+00 0.00000E+00 % lost data
2.49759E+13 2.53793E+13 2.64389E+13 % total
];

BU = [ 0.00000E+00 1.00000E+00 4.00000E+00 ];

DAYS = [ 0.00000E+00 1.09951E+01 4.39803E+01 ];
