
ZAI = [
666
0
];

NAMES = [
'lost            '
'total           '
];

iLOST    = 1;
iTOT     = 2;

MAT_fuelsalt_VOLUME = [ 3.93423E+06 3.93423E+06 3.93423E+06 ];

MAT_fuelsalt_BURNUP = [ 0.00000E+00 9.97557E-01 3.98950E+00 ];

MAT_fuelsalt_ADENS = [
0.00000E+00 3.17639E-14 1.28508E-13 % lost data
7.41836E-02 7.41878E-02 7.42006E-02 % total
];

MAT_fuelsalt_MDENS = [
0.00000E+00 0.00000E+00 0.00000E+00 % lost data
3.21666E+00 3.21665E+00 3.21662E+00 % total
];

MAT_fuelsalt_A = [
0.00000E+00 0.00000E+00 0.00000E+00 % lost data
1.85834E+20 1.03959E+20 1.09249E+20 % total
];

MAT_fuelsalt_H = [
0.00000E+00 0.00000E+00 0.00000E+00 % lost data
1.36658E+07 2.99933E+07 3.08451E+07 % total
];

MAT_fuelsalt_SF = [
0.00000E+00 0.00000E+00 0.00000E+00 % lost data
2.60068E+11 3.02515E+11 3.15186E+11 % total
];

MAT_fuelsalt_GSRC = [
0.00000E+00 0.00000E+00 0.00000E+00 % lost data
4.48023E+16 8.55584E+19 9.00379E+19 % total
];

MAT_fuelsalt_ING_TOX = [
0.00000E+00 0.00000E+00 0.00000E+00 % lost data
9.99842E+10 8.79175E+10 1.00496E+11 % total
];

MAT_fuelsalt_INH_TOX = [
0.00000E+00 0.00000E+00 0.00000E+00 % lost data
2.49026E+13 2.53043E+13 2.63451E+13 % total
];

MAT_fuelsaltp_VOLUME = [ 1.86205E+04 1.86205E+04 1.86205E+04 ];

MAT_fuelsaltp_BURNUP = [ 0.00000E+00 1.54955E+00 6.34991E+00 ];

MAT_fuelsaltp_ADENS = [
0.00000E+00 5.39358E-14 2.26822E-13 % lost data
7.41836E-02 7.41901E-02 7.42102E-02 % total
];

MAT_fuelsaltp_MDENS = [
0.00000E+00 0.00000E+00 0.00000E+00 % lost data
3.21666E+00 3.21664E+00 3.21657E+00 % total
];

MAT_fuelsaltp_A = [
0.00000E+00 0.00000E+00 0.00000E+00 % lost data
8.79545E+17 6.82351E+17 7.34713E+17 % total
];

MAT_fuelsaltp_H = [
0.00000E+00 0.00000E+00 0.00000E+00 % lost data
6.46795E+04 2.12814E+05 2.24467E+05 % total
];

MAT_fuelsaltp_SF = [
0.00000E+00 0.00000E+00 0.00000E+00 % lost data
1.23089E+09 1.44029E+09 1.53235E+09 % total
];

MAT_fuelsaltp_GSRC = [
0.00000E+00 0.00000E+00 0.00000E+00 % lost data
2.12047E+14 5.54659E+17 5.95724E+17 % total
];

MAT_fuelsaltp_ING_TOX = [
0.00000E+00 0.00000E+00 0.00000E+00 % lost data
4.73221E+08 4.84103E+08 5.82133E+08 % total
];

MAT_fuelsaltp_INH_TOX = [
0.00000E+00 0.00000E+00 0.00000E+00 % lost data
1.17863E+11 1.20586E+11 1.28218E+11 % total
];

TOT_VOLUME = [ 3.95285E+06 3.95285E+06 3.95285E+06 ];

TOT_BURNUP = [ 0.00000E+00 1.00016E+00 4.00061E+00 ];

TOT_ADENS = [
0.00000E+00 3.18683E-14 1.28971E-13 % lost data
7.41836E-02 7.41878E-02 7.42006E-02 % total
];

TOT_MASS = [
0.00000E+00 0.00000E+00 0.00000E+00 % lost data
1.27150E+07 1.27149E+07 1.27148E+07 % total
];

TOT_A = [
0.00000E+00 0.00000E+00 0.00000E+00 % lost data
1.86714E+20 1.04642E+20 1.09984E+20 % total
];

TOT_H = [
0.00000E+00 0.00000E+00 0.00000E+00 % lost data
1.37304E+07 3.02062E+07 3.10695E+07 % total
];

TOT_SF = [
0.00000E+00 0.00000E+00 0.00000E+00 % lost data
2.61299E+11 3.03955E+11 3.16718E+11 % total
];

TOT_GSRC = [
0.00000E+00 0.00000E+00 0.00000E+00 % lost data
4.50143E+16 8.61131E+19 9.06336E+19 % total
];

TOT_ING_TOX = [
0.00000E+00 0.00000E+00 0.00000E+00 % lost data
1.00457E+11 8.84016E+10 1.01078E+11 % total
];

TOT_INH_TOX = [
0.00000E+00 0.00000E+00 0.00000E+00 % lost data
2.50204E+13 2.54249E+13 2.64734E+13 % total
];

BU = [ 0.00000E+00 1.00000E+00 4.00000E+00 ];

DAYS = [ 0.00000E+00 1.10147E+01 4.40587E+01 ];
