
ZAI = [
666
0
];

NAMES = [
'lost            '
'total           '
];

iLOST    = 1;
iTOT     = 2;

MAT_fuelsalt_VOLUME = [ 3.93783E+06 3.93783E+06 3.93783E+06 3.93783E+06 3.93783E+06 3.93783E+06 ];

MAT_fuelsalt_BURNUP = [ 0.00000E+00 9.94959E-01 3.97976E+00 8.95725E+00 1.59274E+01 2.48892E+01 ];

MAT_fuelsalt_ADENS = [
0.00000E+00 4.28162E-14 1.71611E-13 3.87978E-13 6.92753E-13 1.08771E-12 % lost data
7.77511E-02 7.77551E-02 7.77668E-02 7.77864E-02 7.78138E-02 7.78490E-02 % total
];

MAT_fuelsalt_MDENS = [
0.00000E+00 0.00000E+00 0.00000E+00 0.00000E+00 0.00000E+00 0.00000E+00 % lost data
3.29805E+00 3.29803E+00 3.29799E+00 3.29791E+00 3.29781E+00 3.29768E+00 % total
];

MAT_fuelsalt_A = [
0.00000E+00 0.00000E+00 0.00000E+00 0.00000E+00 0.00000E+00 0.00000E+00 % lost data
2.68984E+15 9.30742E+19 9.76510E+19 9.99980E+19 1.01532E+20 1.02682E+20 % total
];

MAT_fuelsalt_H = [
0.00000E+00 0.00000E+00 0.00000E+00 0.00000E+00 0.00000E+00 0.00000E+00 % lost data
2.25951E+03 3.00406E+07 3.05461E+07 3.07646E+07 3.08958E+07 3.09917E+07 % total
];

MAT_fuelsalt_SF = [
0.00000E+00 0.00000E+00 0.00000E+00 0.00000E+00 0.00000E+00 0.00000E+00 % lost data
3.57077E+07 3.61318E+07 3.81163E+07 4.80862E+07 8.87453E+07 2.10982E+08 % total
];

MAT_fuelsalt_GSRC = [
0.00000E+00 0.00000E+00 0.00000E+00 0.00000E+00 0.00000E+00 0.00000E+00 % lost data
1.49467E+14 8.06339E+19 8.46097E+19 8.60398E+19 8.69041E+19 8.75831E+19 % total
];

MAT_fuelsalt_ING_TOX = [
0.00000E+00 0.00000E+00 0.00000E+00 0.00000E+00 0.00000E+00 0.00000E+00 % lost data
6.71925E+08 3.31380E+10 4.37698E+10 4.72770E+10 4.96199E+10 5.16301E+10 % total
];

MAT_fuelsalt_INH_TOX = [
0.00000E+00 0.00000E+00 0.00000E+00 0.00000E+00 0.00000E+00 0.00000E+00 % lost data
3.22486E+11 3.58751E+11 4.10558E+11 4.82471E+11 5.78576E+11 7.04116E+11 % total
];

MAT_fuelsaltp_VOLUME = [ 1.81127E+04 1.81127E+04 1.81127E+04 1.81127E+04 1.81127E+04 1.81127E+04 ];

MAT_fuelsaltp_BURNUP = [ 0.00000E+00 2.12678E+00 8.51311E+00 1.85401E+01 3.21982E+01 4.97783E+01 ];

MAT_fuelsaltp_ADENS = [
0.00000E+00 9.40194E-14 3.75450E-13 8.26391E-13 1.46164E-12 2.28858E-12 % lost data
7.77511E-02 7.77595E-02 7.77847E-02 7.78242E-02 7.78780E-02 7.79473E-02 % total
];

MAT_fuelsaltp_MDENS = [
0.00000E+00 0.00000E+00 0.00000E+00 0.00000E+00 0.00000E+00 0.00000E+00 % lost data
3.29805E+00 3.29801E+00 3.29790E+00 3.29773E+00 3.29750E+00 3.29721E+00 % total
];

MAT_fuelsaltp_A = [
0.00000E+00 0.00000E+00 0.00000E+00 0.00000E+00 0.00000E+00 0.00000E+00 % lost data
1.23723E+13 8.49046E+17 8.85750E+17 8.54321E+17 8.44149E+17 8.46074E+17 % total
];

MAT_fuelsaltp_H = [
0.00000E+00 0.00000E+00 0.00000E+00 0.00000E+00 0.00000E+00 0.00000E+00 % lost data
1.03930E+01 2.88563E+05 2.91709E+05 2.75731E+05 2.69591E+05 2.68480E+05 % total
];

MAT_fuelsaltp_SF = [
0.00000E+00 0.00000E+00 0.00000E+00 0.00000E+00 0.00000E+00 0.00000E+00 % lost data
1.64244E+05 1.70545E+05 2.00258E+05 3.36270E+05 8.98477E+05 2.74651E+06 % total
];

MAT_fuelsaltp_GSRC = [
0.00000E+00 0.00000E+00 0.00000E+00 0.00000E+00 0.00000E+00 0.00000E+00 % lost data
6.87497E+11 7.19618E+17 7.49979E+17 7.18202E+17 7.05255E+17 7.02982E+17 % total
];

MAT_fuelsaltp_ING_TOX = [
0.00000E+00 0.00000E+00 0.00000E+00 0.00000E+00 0.00000E+00 0.00000E+00 % lost data
3.09063E+06 2.98068E+08 3.99024E+08 4.07936E+08 4.16784E+08 4.30377E+08 % total
];

MAT_fuelsaltp_INH_TOX = [
0.00000E+00 0.00000E+00 0.00000E+00 0.00000E+00 0.00000E+00 0.00000E+00 % lost data
1.48333E+09 1.77242E+09 2.17072E+09 2.63193E+09 3.26889E+09 4.12783E+09 % total
];

TOT_VOLUME = [ 3.95594E+06 3.95594E+06 3.95594E+06 3.95594E+06 3.95594E+06 3.95594E+06 ];

TOT_BURNUP = [ 0.00000E+00 1.00014E+00 4.00052E+00 9.00112E+00 1.60019E+01 2.50032E+01 ];

TOT_ADENS = [
0.00000E+00 4.30506E-14 1.72544E-13 3.89985E-13 6.96273E-13 1.09321E-12 % lost data
7.77511E-02 7.77551E-02 7.77669E-02 7.77865E-02 7.78141E-02 7.78495E-02 % total
];

TOT_MASS = [
0.00000E+00 0.00000E+00 0.00000E+00 0.00000E+00 0.00000E+00 0.00000E+00 % lost data
1.30469E+07 1.30468E+07 1.30467E+07 1.30464E+07 1.30459E+07 1.30454E+07 % total
];

TOT_A = [
0.00000E+00 0.00000E+00 0.00000E+00 0.00000E+00 0.00000E+00 0.00000E+00 % lost data
2.70221E+15 9.39232E+19 9.85368E+19 1.00852E+20 1.02376E+20 1.03528E+20 % total
];

TOT_H = [
0.00000E+00 0.00000E+00 0.00000E+00 0.00000E+00 0.00000E+00 0.00000E+00 % lost data
2.26991E+03 3.03292E+07 3.08378E+07 3.10404E+07 3.11654E+07 3.12602E+07 % total
];

TOT_SF = [
0.00000E+00 0.00000E+00 0.00000E+00 0.00000E+00 0.00000E+00 0.00000E+00 % lost data
3.58719E+07 3.63024E+07 3.83165E+07 4.84225E+07 8.96438E+07 2.13729E+08 % total
];

TOT_GSRC = [
0.00000E+00 0.00000E+00 0.00000E+00 0.00000E+00 0.00000E+00 0.00000E+00 % lost data
1.50154E+14 8.13535E+19 8.53597E+19 8.67580E+19 8.76093E+19 8.82860E+19 % total
];

TOT_ING_TOX = [
0.00000E+00 0.00000E+00 0.00000E+00 0.00000E+00 0.00000E+00 0.00000E+00 % lost data
6.75015E+08 3.34360E+10 4.41689E+10 4.76849E+10 5.00367E+10 5.20605E+10 % total
];

TOT_INH_TOX = [
0.00000E+00 0.00000E+00 0.00000E+00 0.00000E+00 0.00000E+00 0.00000E+00 % lost data
3.23970E+11 3.60524E+11 4.12729E+11 4.85103E+11 5.81844E+11 7.08244E+11 % total
];

BU = [ 0.00000E+00 1.00000E+00 4.00000E+00 9.00000E+00 1.60000E+01 2.50000E+01 ];

DAYS = [ 0.00000E+00 1.06968E+01 4.27870E+01 9.62708E+01 1.71148E+02 2.67419E+02 ];
