
ZAI = [
666
0
];

NAMES = [
'lost            '
'total           '
];

iLOST    = 1;
iTOT     = 2;

MAT_fuelsalt_VOLUME = [ 3.94270E+06 3.94270E+06 3.94270E+06 3.94270E+06 3.94270E+06 3.94270E+06 ];

MAT_fuelsalt_BURNUP = [ 0.00000E+00 9.98984E-01 3.99782E+00 8.99510E+00 1.59917E+01 2.49873E+01 ];

MAT_fuelsalt_ADENS = [
0.00000E+00 4.14376E-14 1.67962E-13 3.83692E-13 6.93247E-13 1.09996E-12 % lost data
7.69825E-02 7.69866E-02 7.69988E-02 7.70195E-02 7.70487E-02 7.70866E-02 % total
];

MAT_fuelsalt_MDENS = [
0.00000E+00 0.00000E+00 0.00000E+00 0.00000E+00 0.00000E+00 0.00000E+00 % lost data
3.28831E+00 3.28830E+00 3.28828E+00 3.28825E+00 3.28820E+00 3.28814E+00 % total
];

MAT_fuelsalt_A = [
0.00000E+00 0.00000E+00 0.00000E+00 0.00000E+00 0.00000E+00 0.00000E+00 % lost data
9.18029E+19 1.09706E+20 1.15469E+20 1.18425E+20 1.20147E+20 1.21033E+20 % total
];

MAT_fuelsalt_H = [
0.00000E+00 0.00000E+00 0.00000E+00 0.00000E+00 0.00000E+00 0.00000E+00 % lost data
6.75095E+06 3.00437E+07 3.10648E+07 3.17162E+07 3.22424E+07 3.26237E+07 % total
];

MAT_fuelsalt_SF = [
0.00000E+00 0.00000E+00 0.00000E+00 0.00000E+00 0.00000E+00 0.00000E+00 % lost data
1.28477E+11 1.51818E+11 1.65094E+11 1.84027E+11 2.05240E+11 2.26250E+11 % total
];

MAT_fuelsalt_GSRC = [
0.00000E+00 0.00000E+00 0.00000E+00 0.00000E+00 0.00000E+00 0.00000E+00 % lost data
2.21326E+16 9.37561E+19 9.87675E+19 1.00477E+20 1.01196E+20 1.01249E+20 % total
];

MAT_fuelsalt_ING_TOX = [
0.00000E+00 0.00000E+00 0.00000E+00 0.00000E+00 0.00000E+00 0.00000E+00 % lost data
4.93927E+10 6.45468E+10 7.76160E+10 8.38913E+10 8.92063E+10 9.38433E+10 % total
];

MAT_fuelsalt_INH_TOX = [
0.00000E+00 0.00000E+00 0.00000E+00 0.00000E+00 0.00000E+00 0.00000E+00 % lost data
1.23020E+13 1.27434E+13 1.38827E+13 1.54610E+13 1.71476E+13 1.86993E+13 % total
];

MAT_fuelsaltp_VOLUME = [ 1.78400E+04 1.78400E+04 1.78400E+04 1.78400E+04 1.78400E+04 1.78400E+04 ];

MAT_fuelsaltp_BURNUP = [ 0.00000E+00 1.28300E+00 4.72039E+00 1.05976E+01 1.87048E+01 2.92267E+01 ];

MAT_fuelsaltp_ADENS = [
0.00000E+00 6.24607E-14 2.18588E-13 5.05934E-13 9.05901E-13 1.47857E-12 % lost data
7.69825E-02 7.69877E-02 7.70017E-02 7.70260E-02 7.70597E-02 7.71041E-02 % total
];

MAT_fuelsaltp_MDENS = [
0.00000E+00 0.00000E+00 0.00000E+00 0.00000E+00 0.00000E+00 0.00000E+00 % lost data
3.28831E+00 3.28829E+00 3.28825E+00 3.28818E+00 3.28808E+00 3.28796E+00 % total
];

MAT_fuelsaltp_A = [
0.00000E+00 0.00000E+00 0.00000E+00 0.00000E+00 0.00000E+00 0.00000E+00 % lost data
4.15391E+17 5.52206E+17 5.14285E+17 5.42473E+17 5.41079E+17 5.60742E+17 % total
];

MAT_fuelsaltp_H = [
0.00000E+00 0.00000E+00 0.00000E+00 0.00000E+00 0.00000E+00 0.00000E+00 % lost data
3.05468E+04 1.67783E+05 1.53076E+05 1.59992E+05 1.58916E+05 1.63371E+05 % total
];

MAT_fuelsaltp_SF = [
0.00000E+00 0.00000E+00 0.00000E+00 0.00000E+00 0.00000E+00 0.00000E+00 % lost data
5.81334E+08 6.89472E+08 7.47455E+08 8.30481E+08 9.20441E+08 1.02896E+09 % total
];

MAT_fuelsaltp_GSRC = [
0.00000E+00 0.00000E+00 0.00000E+00 0.00000E+00 0.00000E+00 0.00000E+00 % lost data
1.00146E+14 4.57647E+17 4.25781E+17 4.46470E+17 4.41184E+17 4.54859E+17 % total
];

MAT_fuelsaltp_ING_TOX = [
0.00000E+00 0.00000E+00 0.00000E+00 0.00000E+00 0.00000E+00 0.00000E+00 % lost data
2.23493E+08 3.10786E+08 3.53415E+08 3.88629E+08 4.08192E+08 4.37611E+08 % total
];

MAT_fuelsaltp_INH_TOX = [
0.00000E+00 0.00000E+00 0.00000E+00 0.00000E+00 0.00000E+00 0.00000E+00 % lost data
5.56642E+10 5.78494E+10 6.26963E+10 6.96220E+10 7.67491E+10 8.46577E+10 % total
];

TOT_VOLUME = [ 3.96054E+06 3.96054E+06 3.96054E+06 3.96054E+06 3.96054E+06 3.96054E+06 ];

TOT_BURNUP = [ 0.00000E+00 1.00026E+00 4.00108E+00 9.00232E+00 1.60039E+01 2.50064E+01 ];

TOT_ADENS = [
0.00000E+00 4.15323E-14 1.68190E-13 3.84243E-13 6.94205E-13 1.10167E-12 % lost data
7.69825E-02 7.69866E-02 7.69988E-02 7.70195E-02 7.70488E-02 7.70867E-02 % total
];

TOT_MASS = [
0.00000E+00 0.00000E+00 0.00000E+00 0.00000E+00 0.00000E+00 0.00000E+00 % lost data
1.30235E+07 1.30234E+07 1.30234E+07 1.30232E+07 1.30231E+07 1.30228E+07 % total
];

TOT_A = [
0.00000E+00 0.00000E+00 0.00000E+00 0.00000E+00 0.00000E+00 0.00000E+00 % lost data
9.22183E+19 1.10258E+20 1.15983E+20 1.18967E+20 1.20688E+20 1.21594E+20 % total
];

TOT_H = [
0.00000E+00 0.00000E+00 0.00000E+00 0.00000E+00 0.00000E+00 0.00000E+00 % lost data
6.78150E+06 3.02115E+07 3.12179E+07 3.18762E+07 3.24014E+07 3.27871E+07 % total
];

TOT_SF = [
0.00000E+00 0.00000E+00 0.00000E+00 0.00000E+00 0.00000E+00 0.00000E+00 % lost data
1.29058E+11 1.52508E+11 1.65842E+11 1.84857E+11 2.06161E+11 2.27279E+11 % total
];

TOT_GSRC = [
0.00000E+00 0.00000E+00 0.00000E+00 0.00000E+00 0.00000E+00 0.00000E+00 % lost data
2.22327E+16 9.42137E+19 9.91933E+19 1.00923E+20 1.01637E+20 1.01704E+20 % total
];

TOT_ING_TOX = [
0.00000E+00 0.00000E+00 0.00000E+00 0.00000E+00 0.00000E+00 0.00000E+00 % lost data
4.96162E+10 6.48575E+10 7.79694E+10 8.42799E+10 8.96145E+10 9.42809E+10 % total
];

TOT_INH_TOX = [
0.00000E+00 0.00000E+00 0.00000E+00 0.00000E+00 0.00000E+00 0.00000E+00 % lost data
1.23577E+13 1.28012E+13 1.39454E+13 1.55306E+13 1.72243E+13 1.87840E+13 % total
];

BU = [ 0.00000E+00 1.00000E+00 4.00000E+00 9.00000E+00 1.60000E+01 2.50000E+01 ];

DAYS = [ 0.00000E+00 1.08492E+01 4.33969E+01 9.76430E+01 1.73588E+02 2.71231E+02 ];
