
ZAI = [
666
0
];

NAMES = [
'lost            '
'total           '
];

iLOST    = 1;
iTOT     = 2;

MAT_fuelsalt_VOLUME = [ 3.94472E+06 3.94472E+06 3.94472E+06 3.94472E+06 3.94472E+06 3.94472E+06 ];

MAT_fuelsalt_BURNUP = [ 0.00000E+00 1.00029E+00 3.99950E+00 8.99615E+00 1.59922E+01 2.49876E+01 ];

MAT_fuelsalt_ADENS = [
0.00000E+00 4.12221E-14 1.68211E-13 3.84177E-13 6.92965E-13 1.09807E-12 % lost data
7.69825E-02 7.69866E-02 7.69988E-02 7.70195E-02 7.70487E-02 7.70866E-02 % total
];

MAT_fuelsalt_MDENS = [
0.00000E+00 0.00000E+00 0.00000E+00 0.00000E+00 0.00000E+00 0.00000E+00 % lost data
3.28831E+00 3.28830E+00 3.28828E+00 3.28825E+00 3.28820E+00 3.28814E+00 % total
];

MAT_fuelsalt_A = [
0.00000E+00 0.00000E+00 0.00000E+00 0.00000E+00 0.00000E+00 0.00000E+00 % lost data
9.18498E+19 1.09605E+20 1.15699E+20 1.18452E+20 1.19937E+20 1.21237E+20 % total
];

MAT_fuelsalt_H = [
0.00000E+00 0.00000E+00 0.00000E+00 0.00000E+00 0.00000E+00 0.00000E+00 % lost data
6.75440E+06 3.00586E+07 3.10862E+07 3.17091E+07 3.22201E+07 3.26429E+07 % total
];

MAT_fuelsalt_SF = [
0.00000E+00 0.00000E+00 0.00000E+00 0.00000E+00 0.00000E+00 0.00000E+00 % lost data
1.28543E+11 1.51877E+11 1.65187E+11 1.84215E+11 2.05392E+11 2.26470E+11 % total
];

MAT_fuelsalt_GSRC = [
0.00000E+00 0.00000E+00 0.00000E+00 0.00000E+00 0.00000E+00 0.00000E+00 % lost data
2.21439E+16 9.36644E+19 9.90092E+19 1.00513E+20 1.00969E+20 1.01480E+20 % total
];

MAT_fuelsalt_ING_TOX = [
0.00000E+00 0.00000E+00 0.00000E+00 0.00000E+00 0.00000E+00 0.00000E+00 % lost data
4.94179E+10 6.45373E+10 7.77238E+10 8.39266E+10 8.91414E+10 9.39687E+10 % total
];

MAT_fuelsalt_INH_TOX = [
0.00000E+00 0.00000E+00 0.00000E+00 0.00000E+00 0.00000E+00 0.00000E+00 % lost data
1.23083E+13 1.27480E+13 1.38906E+13 1.54711E+13 1.71555E+13 1.87155E+13 % total
];

MAT_fuelsaltp_VOLUME = [ 1.79999E+04 1.79999E+04 1.79999E+04 1.79999E+04 1.79999E+04 1.79999E+04 ];

MAT_fuelsaltp_BURNUP = [ 0.00000E+00 9.97285E-01 4.35458E+00 1.03479E+01 1.85446E+01 2.89493E+01 ];

MAT_fuelsaltp_ADENS = [
0.00000E+00 4.54426E-14 2.03919E-13 4.90444E-13 9.10713E-13 1.44378E-12 % lost data
7.69825E-02 7.69866E-02 7.70003E-02 7.70252E-02 7.70594E-02 7.71031E-02 % total
];

MAT_fuelsaltp_MDENS = [
0.00000E+00 0.00000E+00 0.00000E+00 0.00000E+00 0.00000E+00 0.00000E+00 % lost data
3.28831E+00 3.28829E+00 3.28825E+00 3.28818E+00 3.28808E+00 3.28796E+00 % total
];

MAT_fuelsaltp_A = [
0.00000E+00 0.00000E+00 0.00000E+00 0.00000E+00 0.00000E+00 0.00000E+00 % lost data
4.19113E+17 4.29355E+17 5.03217E+17 5.58326E+17 5.54464E+17 5.52832E+17 % total
];

MAT_fuelsaltp_H = [
0.00000E+00 0.00000E+00 0.00000E+00 0.00000E+00 0.00000E+00 0.00000E+00 % lost data
3.08205E+04 1.31844E+05 1.51053E+05 1.64809E+05 1.62249E+05 1.61501E+05 % total
];

MAT_fuelsaltp_SF = [
0.00000E+00 0.00000E+00 0.00000E+00 0.00000E+00 0.00000E+00 0.00000E+00 % lost data
5.86544E+08 6.89092E+08 7.49504E+08 8.37336E+08 9.33328E+08 1.02467E+09 % total
];

MAT_fuelsaltp_GSRC = [
0.00000E+00 0.00000E+00 0.00000E+00 0.00000E+00 0.00000E+00 0.00000E+00 % lost data
1.01043E+14 3.55446E+17 4.15788E+17 4.59430E+17 4.53435E+17 4.49143E+17 % total
];

MAT_fuelsaltp_ING_TOX = [
0.00000E+00 0.00000E+00 0.00000E+00 0.00000E+00 0.00000E+00 0.00000E+00 % lost data
2.25495E+08 2.68571E+08 3.47904E+08 3.96799E+08 4.16590E+08 4.34628E+08 % total
];

MAT_fuelsaltp_INH_TOX = [
0.00000E+00 0.00000E+00 0.00000E+00 0.00000E+00 0.00000E+00 0.00000E+00 % lost data
5.61631E+10 5.77777E+10 6.28418E+10 7.02743E+10 7.78396E+10 8.46195E+10 % total
];

TOT_VOLUME = [ 3.96272E+06 3.96272E+06 3.96272E+06 3.96272E+06 3.96272E+06 3.96272E+06 ];

TOT_BURNUP = [ 0.00000E+00 1.00028E+00 4.00112E+00 9.00229E+00 1.60038E+01 2.50056E+01 ];

TOT_ADENS = [
0.00000E+00 4.12413E-14 1.68374E-13 3.84659E-13 6.93954E-13 1.09964E-12 % lost data
7.69825E-02 7.69866E-02 7.69988E-02 7.70195E-02 7.70488E-02 7.70867E-02 % total
];

TOT_MASS = [
0.00000E+00 0.00000E+00 0.00000E+00 0.00000E+00 0.00000E+00 0.00000E+00 % lost data
1.30306E+07 1.30306E+07 1.30305E+07 1.30304E+07 1.30302E+07 1.30299E+07 % total
];

TOT_A = [
0.00000E+00 0.00000E+00 0.00000E+00 0.00000E+00 0.00000E+00 0.00000E+00 % lost data
9.22689E+19 1.10034E+20 1.16202E+20 1.19010E+20 1.20492E+20 1.21789E+20 % total
];

TOT_H = [
0.00000E+00 0.00000E+00 0.00000E+00 0.00000E+00 0.00000E+00 0.00000E+00 % lost data
6.78522E+06 3.01905E+07 3.12373E+07 3.18739E+07 3.23824E+07 3.28044E+07 % total
];

TOT_SF = [
0.00000E+00 0.00000E+00 0.00000E+00 0.00000E+00 0.00000E+00 0.00000E+00 % lost data
1.29129E+11 1.52566E+11 1.65937E+11 1.85052E+11 2.06325E+11 2.27495E+11 % total
];

TOT_GSRC = [
0.00000E+00 0.00000E+00 0.00000E+00 0.00000E+00 0.00000E+00 0.00000E+00 % lost data
2.22449E+16 9.40199E+19 9.94250E+19 1.00973E+20 1.01422E+20 1.01929E+20 % total
];

TOT_ING_TOX = [
0.00000E+00 0.00000E+00 0.00000E+00 0.00000E+00 0.00000E+00 0.00000E+00 % lost data
4.96434E+10 6.48059E+10 7.80717E+10 8.43234E+10 8.95580E+10 9.44033E+10 % total
];

TOT_INH_TOX = [
0.00000E+00 0.00000E+00 0.00000E+00 0.00000E+00 0.00000E+00 0.00000E+00 % lost data
1.23644E+13 1.28058E+13 1.39534E+13 1.55413E+13 1.72333E+13 1.88001E+13 % total
];

BU = [ 0.00000E+00 1.00000E+00 4.00000E+00 9.00000E+00 1.60000E+01 2.50000E+01 ];

DAYS = [ 0.00000E+00 1.08552E+01 4.34207E+01 9.76966E+01 1.73683E+02 2.71379E+02 ];
