
ZAI = [
666
0
];

NAMES = [
'lost            '
'total           '
];

iLOST    = 1;
iTOT     = 2;

MAT_fuelsalt_VOLUME = [ 3.93655E+06 3.93655E+06 3.93655E+06 3.93655E+06 3.93655E+06 3.93655E+06 ];

MAT_fuelsalt_BURNUP = [ 0.00000E+00 9.99290E-01 3.99989E+00 8.99852E+00 1.59922E+01 2.49905E+01 ];

MAT_fuelsalt_ADENS = [
0.00000E+00 4.31149E-14 1.75078E-13 3.98860E-13 7.21913E-13 1.14555E-12 % lost data
7.74419E-02 7.74459E-02 7.74581E-02 7.74786E-02 7.75076E-02 7.75453E-02 % total
];

MAT_fuelsalt_MDENS = [
0.00000E+00 0.00000E+00 0.00000E+00 0.00000E+00 0.00000E+00 0.00000E+00 % lost data
3.30007E+00 3.30007E+00 3.30005E+00 3.30002E+00 3.29997E+00 3.29991E+00 % total
];

MAT_fuelsalt_A = [
0.00000E+00 0.00000E+00 0.00000E+00 0.00000E+00 0.00000E+00 0.00000E+00 % lost data
7.62044E+19 1.10730E+20 1.16709E+20 1.19323E+20 1.21330E+20 1.22029E+20 % total
];

MAT_fuelsalt_H = [
0.00000E+00 0.00000E+00 0.00000E+00 0.00000E+00 0.00000E+00 0.00000E+00 % lost data
5.60387E+06 3.00609E+07 3.11358E+07 3.17686E+07 3.23373E+07 3.27210E+07 % total
];

MAT_fuelsalt_SF = [
0.00000E+00 0.00000E+00 0.00000E+00 0.00000E+00 0.00000E+00 0.00000E+00 % lost data
1.06648E+11 1.26653E+11 1.39560E+11 1.57674E+11 1.77912E+11 1.97436E+11 % total
];

MAT_fuelsalt_GSRC = [
0.00000E+00 0.00000E+00 0.00000E+00 0.00000E+00 0.00000E+00 0.00000E+00 % lost data
1.83719E+16 9.54149E+19 1.00632E+20 1.01978E+20 1.02960E+20 1.02822E+20 % total
];

MAT_fuelsalt_ING_TOX = [
0.00000E+00 0.00000E+00 0.00000E+00 0.00000E+00 0.00000E+00 0.00000E+00 % lost data
4.10002E+10 6.07370E+10 7.38543E+10 7.98699E+10 8.51046E+10 8.94429E+10 % total
];

MAT_fuelsalt_INH_TOX = [
0.00000E+00 0.00000E+00 0.00000E+00 0.00000E+00 0.00000E+00 0.00000E+00 % lost data
1.02117E+13 1.06466E+13 1.17668E+13 1.32914E+13 1.49064E+13 1.63452E+13 % total
];

MAT_fuelsaltp_VOLUME = [ 1.89309E+04 1.89309E+04 1.89309E+04 1.89309E+04 1.89309E+04 1.89309E+04 ];

MAT_fuelsaltp_BURNUP = [ 0.00000E+00 1.22109E+00 4.25008E+00 9.87705E+00 1.85914E+01 2.83533E+01 ];

MAT_fuelsaltp_ADENS = [
0.00000E+00 6.43586E-14 2.13954E-13 4.96956E-13 9.64690E-13 1.46763E-12 % lost data
7.74419E-02 7.74468E-02 7.74591E-02 7.74823E-02 7.75184E-02 7.75592E-02 % total
];

MAT_fuelsaltp_MDENS = [
0.00000E+00 0.00000E+00 0.00000E+00 0.00000E+00 0.00000E+00 0.00000E+00 % lost data
3.30007E+00 3.30006E+00 3.30002E+00 3.29996E+00 3.29986E+00 3.29974E+00 % total
];

MAT_fuelsaltp_A = [
0.00000E+00 0.00000E+00 0.00000E+00 0.00000E+00 0.00000E+00 0.00000E+00 % lost data
3.66467E+17 5.56281E+17 4.87964E+17 5.59097E+17 6.19627E+17 5.48523E+17 % total
];

MAT_fuelsaltp_H = [
0.00000E+00 0.00000E+00 0.00000E+00 0.00000E+00 0.00000E+00 0.00000E+00 % lost data
2.69490E+04 1.69397E+05 1.44102E+05 1.63257E+05 1.81309E+05 1.60129E+05 % total
];

MAT_fuelsaltp_SF = [
0.00000E+00 0.00000E+00 0.00000E+00 0.00000E+00 0.00000E+00 0.00000E+00 % lost data
5.12869E+08 6.10533E+08 6.65004E+08 7.51359E+08 8.55348E+08 9.40669E+08 % total
];

MAT_fuelsaltp_GSRC = [
0.00000E+00 0.00000E+00 0.00000E+00 0.00000E+00 0.00000E+00 0.00000E+00 % lost data
8.83507E+13 4.63209E+17 4.05976E+17 4.63359E+17 5.09991E+17 4.47367E+17 % total
];

MAT_fuelsaltp_ING_TOX = [
0.00000E+00 0.00000E+00 0.00000E+00 0.00000E+00 0.00000E+00 0.00000E+00 % lost data
1.97170E+08 2.99333E+08 3.28091E+08 3.82292E+08 4.32319E+08 4.19195E+08 % total
];

MAT_fuelsaltp_INH_TOX = [
0.00000E+00 0.00000E+00 0.00000E+00 0.00000E+00 0.00000E+00 0.00000E+00 % lost data
4.91082E+10 5.13014E+10 5.58633E+10 6.31369E+10 7.15537E+10 7.75193E+10 % total
];

TOT_VOLUME = [ 3.95548E+06 3.95548E+06 3.95548E+06 3.95548E+06 3.95548E+06 3.95548E+06 ];

TOT_BURNUP = [ 0.00000E+00 1.00035E+00 4.00108E+00 9.00273E+00 1.60046E+01 2.50066E+01 ];

TOT_ADENS = [
0.00000E+00 4.32166E-14 1.75264E-13 3.99329E-13 7.23075E-13 1.14709E-12 % lost data
7.74419E-02 7.74459E-02 7.74581E-02 7.74786E-02 7.75077E-02 7.75453E-02 % total
];

TOT_MASS = [
0.00000E+00 0.00000E+00 0.00000E+00 0.00000E+00 0.00000E+00 0.00000E+00 % lost data
1.30534E+07 1.30534E+07 1.30533E+07 1.30532E+07 1.30530E+07 1.30527E+07 % total
];

TOT_A = [
0.00000E+00 0.00000E+00 0.00000E+00 0.00000E+00 0.00000E+00 0.00000E+00 % lost data
7.65709E+19 1.11286E+20 1.17197E+20 1.19882E+20 1.21950E+20 1.22578E+20 % total
];

TOT_H = [
0.00000E+00 0.00000E+00 0.00000E+00 0.00000E+00 0.00000E+00 0.00000E+00 % lost data
5.63082E+06 3.02303E+07 3.12799E+07 3.19318E+07 3.25186E+07 3.28811E+07 % total
];

TOT_SF = [
0.00000E+00 0.00000E+00 0.00000E+00 0.00000E+00 0.00000E+00 0.00000E+00 % lost data
1.07161E+11 1.27263E+11 1.40225E+11 1.58426E+11 1.78768E+11 1.98376E+11 % total
];

TOT_GSRC = [
0.00000E+00 0.00000E+00 0.00000E+00 0.00000E+00 0.00000E+00 0.00000E+00 % lost data
1.84603E+16 9.58781E+19 1.01038E+20 1.02441E+20 1.03470E+20 1.03270E+20 % total
];

TOT_ING_TOX = [
0.00000E+00 0.00000E+00 0.00000E+00 0.00000E+00 0.00000E+00 0.00000E+00 % lost data
4.11974E+10 6.10363E+10 7.41824E+10 8.02522E+10 8.55369E+10 8.98621E+10 % total
];

TOT_INH_TOX = [
0.00000E+00 0.00000E+00 0.00000E+00 0.00000E+00 0.00000E+00 0.00000E+00 % lost data
1.02608E+13 1.06979E+13 1.18226E+13 1.33545E+13 1.49779E+13 1.64227E+13 % total
];

BU = [ 0.00000E+00 1.00000E+00 4.00000E+00 9.00000E+00 1.60000E+01 2.50000E+01 ];

DAYS = [ 0.00000E+00 1.08048E+01 4.32194E+01 9.72436E+01 1.72877E+02 2.70121E+02 ];
