
ZAI = [
666
0
];

NAMES = [
'lost            '
'total           '
];

iLOST    = 1;
iTOT     = 2;

MAT_fuelsalt_VOLUME = [ 3.93492E+06 3.93492E+06 3.93492E+06 3.93492E+06 3.93492E+06 3.93492E+06 ];

MAT_fuelsalt_BURNUP = [ 0.00000E+00 9.99698E-01 3.99847E+00 8.99842E+00 1.59904E+01 2.49872E+01 ];

MAT_fuelsalt_ADENS = [
0.00000E+00 4.30102E-14 1.75247E-13 4.00618E-13 7.23034E-13 1.14816E-12 % lost data
7.74419E-02 7.74459E-02 7.74581E-02 7.74786E-02 7.75076E-02 7.75453E-02 % total
];

MAT_fuelsalt_MDENS = [
0.00000E+00 0.00000E+00 0.00000E+00 0.00000E+00 0.00000E+00 0.00000E+00 % lost data
3.30007E+00 3.30007E+00 3.30005E+00 3.30002E+00 3.29997E+00 3.29991E+00 % total
];

MAT_fuelsalt_A = [
0.00000E+00 0.00000E+00 0.00000E+00 0.00000E+00 0.00000E+00 0.00000E+00 % lost data
7.61727E+19 1.10669E+20 1.16679E+20 1.19658E+20 1.21136E+20 1.22081E+20 % total
];

MAT_fuelsalt_H = [
0.00000E+00 0.00000E+00 0.00000E+00 0.00000E+00 0.00000E+00 0.00000E+00 % lost data
5.60155E+06 3.00666E+07 3.11261E+07 3.18194E+07 3.23150E+07 3.27251E+07 % total
];

MAT_fuelsalt_SF = [
0.00000E+00 0.00000E+00 0.00000E+00 0.00000E+00 0.00000E+00 0.00000E+00 % lost data
1.06603E+11 1.26592E+11 1.39575E+11 1.57832E+11 1.77880E+11 1.97480E+11 % total
];

MAT_fuelsalt_GSRC = [
0.00000E+00 0.00000E+00 0.00000E+00 0.00000E+00 0.00000E+00 0.00000E+00 % lost data
1.83643E+16 9.53710E+19 1.00590E+20 1.02311E+20 1.02779E+20 1.02881E+20 % total
];

MAT_fuelsalt_ING_TOX = [
0.00000E+00 0.00000E+00 0.00000E+00 0.00000E+00 0.00000E+00 0.00000E+00 % lost data
4.09832E+10 6.07106E+10 7.38314E+10 8.00102E+10 8.50271E+10 8.94638E+10 % total
];

MAT_fuelsalt_INH_TOX = [
0.00000E+00 0.00000E+00 0.00000E+00 0.00000E+00 0.00000E+00 0.00000E+00 % lost data
1.02075E+13 1.06416E+13 1.17660E+13 1.32995E+13 1.49022E+13 1.63465E+13 % total
];

MAT_fuelsaltp_VOLUME = [ 1.83478E+04 1.83478E+04 1.83478E+04 1.83478E+04 1.83478E+04 1.83478E+04 ];

MAT_fuelsaltp_BURNUP = [ 0.00000E+00 1.12111E+00 4.55936E+00 9.84259E+00 1.89037E+01 2.90135E+01 ];

MAT_fuelsaltp_ADENS = [
0.00000E+00 5.57107E-14 2.34419E-13 5.20603E-13 9.91523E-13 1.53817E-12 % lost data
7.74419E-02 7.74464E-02 7.74604E-02 7.74822E-02 7.75196E-02 7.75618E-02 % total
];

MAT_fuelsaltp_MDENS = [
0.00000E+00 0.00000E+00 0.00000E+00 0.00000E+00 0.00000E+00 0.00000E+00 % lost data
3.30007E+00 3.30006E+00 3.30002E+00 3.29996E+00 3.29985E+00 3.29973E+00 % total
];

MAT_fuelsaltp_A = [
0.00000E+00 0.00000E+00 0.00000E+00 0.00000E+00 0.00000E+00 0.00000E+00 % lost data
3.55180E+17 4.96830E+17 5.35301E+17 5.11211E+17 6.15244E+17 5.46804E+17 % total
];

MAT_fuelsaltp_H = [
0.00000E+00 0.00000E+00 0.00000E+00 0.00000E+00 0.00000E+00 0.00000E+00 % lost data
2.61190E+04 1.50985E+05 1.58563E+05 1.49135E+05 1.80672E+05 1.59970E+05 % total
];

MAT_fuelsaltp_SF = [
0.00000E+00 0.00000E+00 0.00000E+00 0.00000E+00 0.00000E+00 0.00000E+00 % lost data
4.97073E+08 5.87753E+08 6.47738E+08 7.27065E+08 8.31625E+08 9.04376E+08 % total
];

MAT_fuelsaltp_GSRC = [
0.00000E+00 0.00000E+00 0.00000E+00 0.00000E+00 0.00000E+00 0.00000E+00 % lost data
8.56295E+13 4.14603E+17 4.46100E+17 4.22453E+17 5.06085E+17 4.44663E+17 % total
];

MAT_fuelsaltp_ING_TOX = [
0.00000E+00 0.00000E+00 0.00000E+00 0.00000E+00 0.00000E+00 0.00000E+00 % lost data
1.91097E+08 2.74891E+08 3.44536E+08 3.56535E+08 4.26775E+08 4.12379E+08 % total
];

MAT_fuelsaltp_INH_TOX = [
0.00000E+00 0.00000E+00 0.00000E+00 0.00000E+00 0.00000E+00 0.00000E+00 % lost data
4.75957E+10 4.93623E+10 5.43857E+10 6.10015E+10 6.94812E+10 7.48130E+10 % total
];

TOT_VOLUME = [ 3.95326E+06 3.95326E+06 3.95326E+06 3.95326E+06 3.95326E+06 3.95326E+06 ];

TOT_BURNUP = [ 0.00000E+00 1.00026E+00 4.00107E+00 9.00234E+00 1.60039E+01 2.50059E+01 ];

TOT_ADENS = [
0.00000E+00 4.30691E-14 1.75522E-13 4.01175E-13 7.24280E-13 1.14997E-12 % lost data
7.74419E-02 7.74459E-02 7.74581E-02 7.74787E-02 7.75077E-02 7.75453E-02 % total
];

TOT_MASS = [
0.00000E+00 0.00000E+00 0.00000E+00 0.00000E+00 0.00000E+00 0.00000E+00 % lost data
1.30461E+07 1.30460E+07 1.30460E+07 1.30458E+07 1.30457E+07 1.30454E+07 % total
];

TOT_A = [
0.00000E+00 0.00000E+00 0.00000E+00 0.00000E+00 0.00000E+00 0.00000E+00 % lost data
7.65279E+19 1.11166E+20 1.17215E+20 1.20169E+20 1.21751E+20 1.22628E+20 % total
];

TOT_H = [
0.00000E+00 0.00000E+00 0.00000E+00 0.00000E+00 0.00000E+00 0.00000E+00 % lost data
5.62766E+06 3.02176E+07 3.12847E+07 3.19685E+07 3.24957E+07 3.28850E+07 % total
];

TOT_SF = [
0.00000E+00 0.00000E+00 0.00000E+00 0.00000E+00 0.00000E+00 0.00000E+00 % lost data
1.07100E+11 1.27180E+11 1.40223E+11 1.58559E+11 1.78712E+11 1.98385E+11 % total
];

TOT_GSRC = [
0.00000E+00 0.00000E+00 0.00000E+00 0.00000E+00 0.00000E+00 0.00000E+00 % lost data
1.84499E+16 9.57856E+19 1.01036E+20 1.02733E+20 1.03285E+20 1.03325E+20 % total
];

TOT_ING_TOX = [
0.00000E+00 0.00000E+00 0.00000E+00 0.00000E+00 0.00000E+00 0.00000E+00 % lost data
4.11743E+10 6.09855E+10 7.41759E+10 8.03667E+10 8.54538E+10 8.98762E+10 % total
];

TOT_INH_TOX = [
0.00000E+00 0.00000E+00 0.00000E+00 0.00000E+00 0.00000E+00 0.00000E+00 % lost data
1.02551E+13 1.06910E+13 1.18204E+13 1.33605E+13 1.49716E+13 1.64213E+13 % total
];

BU = [ 0.00000E+00 1.00000E+00 4.00000E+00 9.00000E+00 1.60000E+01 2.50000E+01 ];

DAYS = [ 0.00000E+00 1.07988E+01 4.31951E+01 9.71890E+01 1.72780E+02 2.69969E+02 ];
