
ZAI = [
666
0
];

NAMES = [
'lost            '
'total           '
];

iLOST    = 1;
iTOT     = 2;

MAT_fuelsalt_VOLUME = [ 3.93885E+06 3.93885E+06 3.93885E+06 ];

MAT_fuelsalt_BURNUP = [ 0.00000E+00 9.97969E-01 3.99239E+00 ];

MAT_fuelsalt_ADENS = [
0.00000E+00 3.33768E-14 1.34271E-13 % lost data
7.46553E-02 7.46594E-02 7.46721E-02 % total
];

MAT_fuelsalt_MDENS = [
0.00000E+00 0.00000E+00 0.00000E+00 % lost data
3.22872E+00 3.22871E+00 3.22869E+00 % total
];

MAT_fuelsalt_A = [
0.00000E+00 0.00000E+00 0.00000E+00 % lost data
1.70141E+20 1.04946E+20 1.10123E+20 % total
];

MAT_fuelsalt_H = [
0.00000E+00 0.00000E+00 0.00000E+00 % lost data
1.25117E+07 3.00168E+07 3.08729E+07 % total
];

MAT_fuelsalt_SF = [
0.00000E+00 0.00000E+00 0.00000E+00 % lost data
2.38107E+11 2.77437E+11 2.90411E+11 % total
];

MAT_fuelsalt_GSRC = [
0.00000E+00 0.00000E+00 0.00000E+00 % lost data
4.10189E+16 8.68620E+19 9.12307E+19 % total
];

MAT_fuelsalt_ING_TOX = [
0.00000E+00 0.00000E+00 0.00000E+00 % lost data
9.15409E+10 8.40122E+10 9.66399E+10 % total
];

MAT_fuelsalt_INH_TOX = [
0.00000E+00 0.00000E+00 0.00000E+00 % lost data
2.27996E+13 2.32141E+13 2.42843E+13 % total
];

MAT_fuelsaltp_VOLUME = [ 1.74168E+04 1.74168E+04 1.74168E+04 ];

MAT_fuelsaltp_BURNUP = [ 0.00000E+00 1.49487E+00 5.85763E+00 ];

MAT_fuelsaltp_ADENS = [
0.00000E+00 5.43023E-14 2.14609E-13 % lost data
7.46553E-02 7.46615E-02 7.46797E-02 % total
];

MAT_fuelsaltp_MDENS = [
0.00000E+00 0.00000E+00 0.00000E+00 % lost data
3.22872E+00 3.22870E+00 3.22865E+00 % total
];

MAT_fuelsaltp_A = [
0.00000E+00 0.00000E+00 0.00000E+00 % lost data
7.52329E+17 6.11640E+17 6.27536E+17 % total
];

MAT_fuelsaltp_H = [
0.00000E+00 0.00000E+00 0.00000E+00 % lost data
5.53244E+04 1.90947E+05 1.91142E+05 % total
];

MAT_fuelsaltp_SF = [
0.00000E+00 0.00000E+00 0.00000E+00 % lost data
1.05286E+09 1.23441E+09 1.31334E+09 % total
];

MAT_fuelsaltp_GSRC = [
0.00000E+00 0.00000E+00 0.00000E+00 % lost data
1.81377E+14 4.96826E+17 5.09787E+17 % total
];

MAT_fuelsaltp_ING_TOX = [
0.00000E+00 0.00000E+00 0.00000E+00 % lost data
4.04775E+08 4.24165E+08 4.98348E+08 % total
];

MAT_fuelsaltp_INH_TOX = [
0.00000E+00 0.00000E+00 0.00000E+00 % lost data
1.00815E+11 1.03364E+11 1.09799E+11 % total
];

TOT_VOLUME = [ 3.95626E+06 3.95626E+06 3.95626E+06 ];

TOT_BURNUP = [ 0.00000E+00 1.00016E+00 4.00060E+00 ];

TOT_ADENS = [
0.00000E+00 3.34689E-14 1.34624E-13 % lost data
7.46553E-02 7.46595E-02 7.46721E-02 % total
];

TOT_MASS = [
0.00000E+00 0.00000E+00 0.00000E+00 % lost data
1.27737E+07 1.27736E+07 1.27735E+07 % total
];

TOT_A = [
0.00000E+00 0.00000E+00 0.00000E+00 % lost data
1.70893E+20 1.05558E+20 1.10751E+20 % total
];

TOT_H = [
0.00000E+00 0.00000E+00 0.00000E+00 % lost data
1.25671E+07 3.02078E+07 3.10641E+07 % total
];

TOT_SF = [
0.00000E+00 0.00000E+00 0.00000E+00 % lost data
2.39160E+11 2.78672E+11 2.91724E+11 % total
];

TOT_GSRC = [
0.00000E+00 0.00000E+00 0.00000E+00 % lost data
4.12003E+16 8.73588E+19 9.17405E+19 % total
];

TOT_ING_TOX = [
0.00000E+00 0.00000E+00 0.00000E+00 % lost data
9.19456E+10 8.44364E+10 9.71382E+10 % total
];

TOT_INH_TOX = [
0.00000E+00 0.00000E+00 0.00000E+00 % lost data
2.29005E+13 2.33175E+13 2.43941E+13 % total
];

BU = [ 0.00000E+00 1.00000E+00 4.00000E+00 ];

DAYS = [ 0.00000E+00 1.09927E+01 4.39706E+01 ];
