
ZAI = [
666
0
];

NAMES = [
'lost            '
'total           '
];

iLOST    = 1;
iTOT     = 2;

MAT_fuelsalt_VOLUME = [ 3.94065E+06 3.94065E+06 3.94065E+06 ];

MAT_fuelsalt_BURNUP = [ 0.00000E+00 9.97750E-01 3.99095E+00 ];

MAT_fuelsalt_ADENS = [
0.00000E+00 3.32750E-14 1.34723E-13 % lost data
7.46553E-02 7.46594E-02 7.46721E-02 % total
];

MAT_fuelsalt_MDENS = [
0.00000E+00 0.00000E+00 0.00000E+00 % lost data
3.22872E+00 3.22871E+00 3.22869E+00 % total
];

MAT_fuelsalt_A = [
0.00000E+00 0.00000E+00 0.00000E+00 % lost data
1.70219E+20 1.04909E+20 1.10247E+20 % total
];

MAT_fuelsalt_H = [
0.00000E+00 0.00000E+00 0.00000E+00 % lost data
1.25175E+07 3.00040E+07 3.08775E+07 % total
];

MAT_fuelsalt_SF = [
0.00000E+00 0.00000E+00 0.00000E+00 % lost data
2.38216E+11 2.77548E+11 2.90506E+11 % total
];

MAT_fuelsalt_GSRC = [
0.00000E+00 0.00000E+00 0.00000E+00 % lost data
4.10377E+16 8.68286E+19 9.13665E+19 % total
];

MAT_fuelsalt_ING_TOX = [
0.00000E+00 0.00000E+00 0.00000E+00 % lost data
9.15828E+10 8.40200E+10 9.66946E+10 % total
];

MAT_fuelsalt_INH_TOX = [
0.00000E+00 0.00000E+00 0.00000E+00 % lost data
2.28101E+13 2.32234E+13 2.42925E+13 % total
];

MAT_fuelsaltp_VOLUME = [ 1.78212E+04 1.78212E+04 1.78212E+04 ];

MAT_fuelsaltp_BURNUP = [ 0.00000E+00 1.53186E+00 6.16232E+00 ];

MAT_fuelsaltp_ADENS = [
0.00000E+00 5.71307E-14 2.33019E-13 % lost data
7.46553E-02 7.46616E-02 7.46810E-02 % total
];

MAT_fuelsaltp_MDENS = [
0.00000E+00 0.00000E+00 0.00000E+00 % lost data
3.22872E+00 3.22870E+00 3.22864E+00 % total
];

MAT_fuelsaltp_A = [
0.00000E+00 0.00000E+00 0.00000E+00 % lost data
7.69797E+17 6.43323E+17 6.81094E+17 % total
];

MAT_fuelsaltp_H = [
0.00000E+00 0.00000E+00 0.00000E+00 % lost data
5.66089E+04 2.00628E+05 2.07058E+05 % total
];

MAT_fuelsaltp_SF = [
0.00000E+00 0.00000E+00 0.00000E+00 % lost data
1.07731E+09 1.26362E+09 1.34808E+09 % total
];

MAT_fuelsaltp_GSRC = [
0.00000E+00 0.00000E+00 0.00000E+00 % lost data
1.85589E+14 5.23253E+17 5.54390E+17 % total
];

MAT_fuelsaltp_ING_TOX = [
0.00000E+00 0.00000E+00 0.00000E+00 % lost data
4.14173E+08 4.40319E+08 5.27556E+08 % total
];

MAT_fuelsaltp_INH_TOX = [
0.00000E+00 0.00000E+00 0.00000E+00 % lost data
1.03156E+11 1.05861E+11 1.12819E+11 % total
];

TOT_VOLUME = [ 3.95847E+06 3.95847E+06 3.95847E+06 ];

TOT_BURNUP = [ 0.00000E+00 1.00015E+00 4.00072E+00 ];

TOT_ADENS = [
0.00000E+00 3.33824E-14 1.35166E-13 % lost data
7.46553E-02 7.46595E-02 7.46722E-02 % total
];

TOT_MASS = [
0.00000E+00 0.00000E+00 0.00000E+00 % lost data
1.27808E+07 1.27808E+07 1.27807E+07 % total
];

TOT_A = [
0.00000E+00 0.00000E+00 0.00000E+00 % lost data
1.70989E+20 1.05552E+20 1.10928E+20 % total
];

TOT_H = [
0.00000E+00 0.00000E+00 0.00000E+00 % lost data
1.25741E+07 3.02047E+07 3.10846E+07 % total
];

TOT_SF = [
0.00000E+00 0.00000E+00 0.00000E+00 % lost data
2.39293E+11 2.78811E+11 2.91854E+11 % total
];

TOT_GSRC = [
0.00000E+00 0.00000E+00 0.00000E+00 % lost data
4.12233E+16 8.73518E+19 9.19209E+19 % total
];

TOT_ING_TOX = [
0.00000E+00 0.00000E+00 0.00000E+00 % lost data
9.19970E+10 8.44603E+10 9.72221E+10 % total
];

TOT_INH_TOX = [
0.00000E+00 0.00000E+00 0.00000E+00 % lost data
2.29133E+13 2.33293E+13 2.44053E+13 % total
];

BU = [ 0.00000E+00 1.00000E+00 4.00000E+00 ];

DAYS = [ 0.00000E+00 1.09988E+01 4.39952E+01 ];
