
nuc(   1, :) = '   4009.06c';
nuc(   2, :) = '   5010.06c';
nuc(   3, :) = '   5010.06c';
nuc(   4, :) = '   5011.06c';
nuc(   5, :) = '   5011.06c';
nuc(   6, :) = '   6000.06c';
nuc(   7, :) = '   6000.06c';
nuc(   8, :) = '   6000.06s';
nuc(   9, :) = '   9019.06c';
nuc(  10, :) = '  11023.06c';
nuc(  11, :) = '  90232.06c';
nuc(  12, :) = '  92234.06c';
nuc(  13, :) = '  92235.06c';
nuc(  14, :) = '  92236.06c';
nuc(  15, :) = '  92238.06c';
nuc(  16, :) = '   gre7.04t';
nuc(  17, :) = '   gre7.08t';
nuc(  18, :) = '   gre7.12t';
nuc(  19, :) = '   gre7.16t';
nuc(  20, :) = '   gre7.18t';
nuc(  21, :) = '   gre7.22t';

% ----- Analog nuclide-wise reaction rate estimates

rr = [
   1   40090    2  1.00000E-11  2.00000E+01  2.61829E+19 0.00076  %   4009.06c mt 2
   1   40090   16  1.74883E+00  2.00000E+01  3.76624E+16 0.01574  %   4009.06c mt 16
   1   40090  102  1.00000E-11  2.00000E+01  6.95193E+15 0.03560  %   4009.06c mt 102
   1   40090  103  1.42660E+01  2.00000E+01  0.00000E+00 0.00000  %   4009.06c mt 103
   1   40090  104  1.63008E+01  2.00000E+01  0.00000E+00 0.00000  %   4009.06c mt 104
   1   40090  105  1.16085E+01  2.00000E+01  0.00000E+00 0.00000  %   4009.06c mt 105
   1   40090  107  6.67153E-01  2.00000E+01  1.55537E+16 0.02829  %   4009.06c mt 107
   2   50100    2  1.00000E-11  2.00000E+01  1.37717E+15 0.09292  %   5010.06c mt 2
   2   50100   51  7.90714E-01  2.00000E+01  0.00000E+00 0.00000  %   5010.06c mt 51
   2   50100   52  1.91545E+00  2.00000E+01  0.00000E+00 0.00000  %   5010.06c mt 52
   2   50100   53  2.37132E+00  2.00000E+01  0.00000E+00 0.00000  %   5010.06c mt 53
   2   50100   54  3.94845E+00  2.00000E+01  0.00000E+00 0.00000  %   5010.06c mt 54
   2   50100   55  5.25491E+00  2.00000E+01  0.00000E+00 0.00000  %   5010.06c mt 55
   2   50100   56  5.62509E+00  2.00000E+01  0.00000E+00 0.00000  %   5010.06c mt 56
   2   50100   57  5.68409E+00  2.00000E+01  0.00000E+00 0.00000  %   5010.06c mt 57
   2   50100   58  5.70181E+00  2.00000E+01  0.00000E+00 0.00000  %   5010.06c mt 58
   2   50100   59  6.51581E+00  2.00000E+01  0.00000E+00 0.00000  %   5010.06c mt 59
   2   50100   60  6.63194E+00  2.00000E+01  0.00000E+00 0.00000  %   5010.06c mt 60
   2   50100   61  6.74443E+00  2.00000E+01  0.00000E+00 0.00000  %   5010.06c mt 61
   2   50100   62  7.15500E+00  2.00000E+01  0.00000E+00 0.00000  %   5010.06c mt 62
   2   50100   63  7.70515E+00  2.00000E+01  0.00000E+00 0.00000  %   5010.06c mt 63
   2   50100   64  8.25600E+00  2.00000E+01  0.00000E+00 0.00000  %   5010.06c mt 64
   2   50100   65  8.80600E+00  2.00000E+01  0.00000E+00 0.00000  %   5010.06c mt 65
   2   50100   66  9.35626E+00  2.00000E+01  0.00000E+00 0.00000  %   5010.06c mt 66
   2   50100   67  9.90700E+00  2.00000E+01  0.00000E+00 0.00000  %   5010.06c mt 67
   2   50100   68  1.04570E+01  2.00000E+01  0.00000E+00 0.00000  %   5010.06c mt 68
   2   50100   69  1.10074E+01  2.00000E+01  0.00000E+00 0.00000  %   5010.06c mt 69
   2   50100   70  1.15580E+01  2.00000E+01  0.00000E+00 0.00000  %   5010.06c mt 70
   2   50100   71  1.21081E+01  2.00000E+01  0.00000E+00 0.00000  %   5010.06c mt 71
   2   50100   72  1.26585E+01  2.00000E+01  0.00000E+00 0.00000  %   5010.06c mt 72
   2   50100   73  1.32090E+01  2.00000E+01  0.00000E+00 0.00000  %   5010.06c mt 73
   2   50100   74  1.37592E+01  2.00000E+01  0.00000E+00 0.00000  %   5010.06c mt 74
   2   50100   75  1.43100E+01  2.00000E+01  0.00000E+00 0.00000  %   5010.06c mt 75
   2   50100   76  1.48600E+01  2.00000E+01  0.00000E+00 0.00000  %   5010.06c mt 76
   2   50100   77  1.54103E+01  2.00000E+01  0.00000E+00 0.00000  %   5010.06c mt 77
   2   50100   78  1.59610E+01  2.00000E+01  0.00000E+00 0.00000  %   5010.06c mt 78
   2   50100   79  1.65111E+01  2.00000E+01  0.00000E+00 0.00000  %   5010.06c mt 79
   2   50100   80  1.70614E+01  2.00000E+01  0.00000E+00 0.00000  %   5010.06c mt 80
   2   50100   81  1.76120E+01  2.00000E+01  0.00000E+00 0.00000  %   5010.06c mt 81
   2   50100   82  1.81622E+01  2.00000E+01  0.00000E+00 0.00000  %   5010.06c mt 82
   2   50100   83  1.87130E+01  2.00000E+01  0.00000E+00 0.00000  %   5010.06c mt 83
   2   50100   84  1.92630E+01  2.00000E+01  0.00000E+00 0.00000  %   5010.06c mt 84
   2   50100   85  1.98133E+01  2.00000E+01  0.00000E+00 0.00000  %   5010.06c mt 85
   2   50100  102  1.00000E-11  1.04959E+00  4.28760E+13 0.49626  %   5010.06c mt 102
   2   50100  103  1.00000E-11  2.00000E+01  0.00000E+00 0.00000  %   5010.06c mt 103
   2   50100  104  4.80031E+00  2.00000E+01  0.00000E+00 0.00000  %   5010.06c mt 104
   2   50100  107  1.00000E-11  2.00000E+01  4.59123E+17 0.00459  %   5010.06c mt 107
   2   50100  113  1.00000E-11  2.00000E+01  1.04649E+13 1.00000  %   5010.06c mt 113
   3   50100    2  1.00000E-11  2.00000E+01  4.41245E+17 0.01046  %   5010.06c mt 2
   3   50100   51  7.90714E-01  2.00000E+01  1.50626E+15 0.08792  %   5010.06c mt 51
   3   50100   52  1.91545E+00  2.00000E+01  4.22888E+13 0.49629  %   5010.06c mt 52
   3   50100   53  2.37132E+00  2.00000E+01  2.52592E+14 0.20865  %   5010.06c mt 53
   3   50100   54  3.94845E+00  2.00000E+01  9.50143E+13 0.32664  %   5010.06c mt 54
   3   50100   55  5.25491E+00  2.00000E+01  3.16705E+13 0.57449  %   5010.06c mt 55
   3   50100   56  5.62509E+00  2.00000E+01  2.13780E+13 0.70537  %   5010.06c mt 56
   3   50100   57  5.68409E+00  2.00000E+01  2.11649E+13 0.70540  %   5010.06c mt 57
   3   50100   58  5.70181E+00  2.00000E+01  0.00000E+00 0.00000  %   5010.06c mt 58
   3   50100   59  6.51581E+00  2.00000E+01  1.10484E+13 1.00000  %   5010.06c mt 59
   3   50100   60  6.63194E+00  2.00000E+01  1.49094E+14 0.25844  %   5010.06c mt 60
   3   50100   61  6.74443E+00  2.00000E+01  0.00000E+00 0.00000  %   5010.06c mt 61
   3   50100   62  7.15500E+00  2.00000E+01  0.00000E+00 0.00000  %   5010.06c mt 62
   3   50100   63  7.70515E+00  2.00000E+01  0.00000E+00 0.00000  %   5010.06c mt 63
   3   50100   64  8.25600E+00  2.00000E+01  0.00000E+00 0.00000  %   5010.06c mt 64
   3   50100   65  8.80600E+00  2.00000E+01  0.00000E+00 0.00000  %   5010.06c mt 65
   3   50100   66  9.35626E+00  2.00000E+01  0.00000E+00 0.00000  %   5010.06c mt 66
   3   50100   67  9.90700E+00  2.00000E+01  0.00000E+00 0.00000  %   5010.06c mt 67
   3   50100   68  1.04570E+01  2.00000E+01  0.00000E+00 0.00000  %   5010.06c mt 68
   3   50100   69  1.10074E+01  2.00000E+01  0.00000E+00 0.00000  %   5010.06c mt 69
   3   50100   70  1.15580E+01  2.00000E+01  0.00000E+00 0.00000  %   5010.06c mt 70
   3   50100   71  1.21081E+01  2.00000E+01  0.00000E+00 0.00000  %   5010.06c mt 71
   3   50100   72  1.26585E+01  2.00000E+01  0.00000E+00 0.00000  %   5010.06c mt 72
   3   50100   73  1.32090E+01  2.00000E+01  0.00000E+00 0.00000  %   5010.06c mt 73
   3   50100   74  1.37592E+01  2.00000E+01  0.00000E+00 0.00000  %   5010.06c mt 74
   3   50100   75  1.43100E+01  2.00000E+01  0.00000E+00 0.00000  %   5010.06c mt 75
   3   50100   76  1.48600E+01  2.00000E+01  0.00000E+00 0.00000  %   5010.06c mt 76
   3   50100   77  1.54103E+01  2.00000E+01  0.00000E+00 0.00000  %   5010.06c mt 77
   3   50100   78  1.59610E+01  2.00000E+01  0.00000E+00 0.00000  %   5010.06c mt 78
   3   50100   79  1.65111E+01  2.00000E+01  0.00000E+00 0.00000  %   5010.06c mt 79
   3   50100   80  1.70614E+01  2.00000E+01  0.00000E+00 0.00000  %   5010.06c mt 80
   3   50100   81  1.76120E+01  2.00000E+01  0.00000E+00 0.00000  %   5010.06c mt 81
   3   50100   82  1.81622E+01  2.00000E+01  0.00000E+00 0.00000  %   5010.06c mt 82
   3   50100   83  1.87130E+01  2.00000E+01  0.00000E+00 0.00000  %   5010.06c mt 83
   3   50100   84  1.92630E+01  2.00000E+01  0.00000E+00 0.00000  %   5010.06c mt 84
   3   50100   85  1.98133E+01  2.00000E+01  0.00000E+00 0.00000  %   5010.06c mt 85
   3   50100  102  1.00000E-11  9.99440E-01  2.21550E+14 0.21751  %   5010.06c mt 102
