
ZAI = [
666
0
];

NAMES = [
'lost            '
'total           '
];

iLOST    = 1;
iTOT     = 2;

MAT_fuelsalt_VOLUME = [ 3.93572E+06 3.93572E+06 3.93572E+06 3.93572E+06 3.93572E+06 3.93572E+06 ];

MAT_fuelsalt_BURNUP = [ 0.00000E+00 9.99669E-01 3.99793E+00 8.99908E+00 1.59923E+01 2.49860E+01 ];

MAT_fuelsalt_ADENS = [
0.00000E+00 3.99490E-14 1.61995E-13 3.67210E-13 6.62823E-13 1.05029E-12 % lost data
7.65211E-02 7.65252E-02 7.65376E-02 7.65584E-02 7.65878E-02 7.66259E-02 % total
];

MAT_fuelsalt_MDENS = [
0.00000E+00 0.00000E+00 0.00000E+00 0.00000E+00 0.00000E+00 0.00000E+00 % lost data
3.27649E+00 3.27648E+00 3.27646E+00 3.27643E+00 3.27638E+00 3.27631E+00 % total
];

MAT_fuelsalt_A = [
0.00000E+00 0.00000E+00 0.00000E+00 0.00000E+00 0.00000E+00 0.00000E+00 % lost data
1.07165E+20 1.08882E+20 1.14582E+20 1.17010E+20 1.18905E+20 1.20057E+20 % total
];

MAT_fuelsalt_H = [
0.00000E+00 0.00000E+00 0.00000E+00 0.00000E+00 0.00000E+00 0.00000E+00 % lost data
7.88065E+06 3.00579E+07 3.10344E+07 3.16175E+07 3.21220E+07 3.25314E+07 % total
];

MAT_fuelsalt_SF = [
0.00000E+00 0.00000E+00 0.00000E+00 0.00000E+00 0.00000E+00 0.00000E+00 % lost data
1.49976E+11 1.76499E+11 1.89993E+11 2.09082E+11 2.30936E+11 2.52871E+11 % total
];

MAT_fuelsalt_GSRC = [
0.00000E+00 0.00000E+00 0.00000E+00 0.00000E+00 0.00000E+00 0.00000E+00 % lost data
2.58362E+16 9.24302E+19 9.73343E+19 9.85697E+19 9.94638E+19 9.98091E+19 % total
];

MAT_fuelsalt_ING_TOX = [
0.00000E+00 0.00000E+00 0.00000E+00 0.00000E+00 0.00000E+00 0.00000E+00 % lost data
5.76580E+10 6.83709E+10 8.14066E+10 8.75409E+10 9.30092E+10 9.79171E+10 % total
];

MAT_fuelsalt_INH_TOX = [
0.00000E+00 0.00000E+00 0.00000E+00 0.00000E+00 0.00000E+00 0.00000E+00 % lost data
1.43606E+13 1.48002E+13 1.59466E+13 1.75243E+13 1.92545E+13 2.08769E+13 % total
];

MAT_fuelsaltp_VOLUME = [ 1.84419E+04 1.84419E+04 1.84419E+04 1.84419E+04 1.84419E+04 1.84419E+04 ];

MAT_fuelsaltp_BURNUP = [ 0.00000E+00 1.12433E+00 4.64648E+00 9.66077E+00 1.84015E+01 2.91857E+01 ];

MAT_fuelsaltp_ADENS = [
0.00000E+00 4.78041E-14 2.11615E-13 4.55129E-13 8.94167E-13 1.41938E-12 % lost data
7.65211E-02 7.65257E-02 7.65402E-02 7.65612E-02 7.65977E-02 7.66434E-02 % total
];

MAT_fuelsaltp_MDENS = [
0.00000E+00 0.00000E+00 0.00000E+00 0.00000E+00 0.00000E+00 0.00000E+00 % lost data
3.27649E+00 3.27647E+00 3.27643E+00 3.27637E+00 3.27626E+00 3.27613E+00 % total
];

MAT_fuelsaltp_A = [
0.00000E+00 0.00000E+00 0.00000E+00 0.00000E+00 0.00000E+00 0.00000E+00 % lost data
5.02151E+17 4.96385E+17 5.44054E+17 4.78806E+17 5.99005E+17 5.84287E+17 % total
];

MAT_fuelsaltp_H = [
0.00000E+00 0.00000E+00 0.00000E+00 0.00000E+00 0.00000E+00 0.00000E+00 % lost data
3.69269E+04 1.52350E+05 1.63027E+05 1.42040E+05 1.76925E+05 1.72466E+05 % total
];

MAT_fuelsaltp_SF = [
0.00000E+00 0.00000E+00 0.00000E+00 0.00000E+00 0.00000E+00 0.00000E+00 % lost data
7.02751E+08 8.26208E+08 8.85274E+08 9.64264E+08 1.07707E+09 1.17940E+09 % total
];

MAT_fuelsaltp_GSRC = [
0.00000E+00 0.00000E+00 0.00000E+00 0.00000E+00 0.00000E+00 0.00000E+00 % lost data
1.21063E+14 4.08702E+17 4.49228E+17 3.90220E+17 4.87703E+17 4.73271E+17 % total
];

MAT_fuelsaltp_ING_TOX = [
0.00000E+00 0.00000E+00 0.00000E+00 0.00000E+00 0.00000E+00 0.00000E+00 % lost data
2.70172E+08 3.14676E+08 3.89351E+08 3.83454E+08 4.60596E+08 4.76411E+08 % total
];

MAT_fuelsaltp_INH_TOX = [
0.00000E+00 0.00000E+00 0.00000E+00 0.00000E+00 0.00000E+00 0.00000E+00 % lost data
6.72905E+10 6.92355E+10 7.43612E+10 8.07164E+10 8.98042E+10 9.73709E+10 % total
];

TOT_VOLUME = [ 3.95416E+06 3.95416E+06 3.95416E+06 3.95416E+06 3.95416E+06 3.95416E+06 ];

TOT_BURNUP = [ 0.00000E+00 1.00025E+00 4.00096E+00 9.00217E+00 1.60035E+01 2.50056E+01 ];

TOT_ADENS = [
0.00000E+00 3.99856E-14 1.62226E-13 3.67620E-13 6.63902E-13 1.05201E-12 % lost data
7.65211E-02 7.65252E-02 7.65376E-02 7.65584E-02 7.65878E-02 7.66260E-02 % total
];

TOT_MASS = [
0.00000E+00 0.00000E+00 0.00000E+00 0.00000E+00 0.00000E+00 0.00000E+00 % lost data
1.29557E+07 1.29557E+07 1.29556E+07 1.29555E+07 1.29553E+07 1.29551E+07 % total
];

TOT_A = [
0.00000E+00 0.00000E+00 0.00000E+00 0.00000E+00 0.00000E+00 0.00000E+00 % lost data
1.07667E+20 1.09378E+20 1.15126E+20 1.17488E+20 1.19504E+20 1.20642E+20 % total
];

TOT_H = [
0.00000E+00 0.00000E+00 0.00000E+00 0.00000E+00 0.00000E+00 0.00000E+00 % lost data
7.91758E+06 3.02103E+07 3.11974E+07 3.17595E+07 3.22989E+07 3.27039E+07 % total
];

TOT_SF = [
0.00000E+00 0.00000E+00 0.00000E+00 0.00000E+00 0.00000E+00 0.00000E+00 % lost data
1.50678E+11 1.77326E+11 1.90878E+11 2.10046E+11 2.32013E+11 2.54050E+11 % total
];

TOT_GSRC = [
0.00000E+00 0.00000E+00 0.00000E+00 0.00000E+00 0.00000E+00 0.00000E+00 % lost data
2.59573E+16 9.28389E+19 9.77835E+19 9.89600E+19 9.99515E+19 1.00282E+20 % total
];

TOT_ING_TOX = [
0.00000E+00 0.00000E+00 0.00000E+00 0.00000E+00 0.00000E+00 0.00000E+00 % lost data
5.79282E+10 6.86856E+10 8.17959E+10 8.79244E+10 9.34698E+10 9.83935E+10 % total
];

TOT_INH_TOX = [
0.00000E+00 0.00000E+00 0.00000E+00 0.00000E+00 0.00000E+00 0.00000E+00 % lost data
1.44279E+13 1.48695E+13 1.60210E+13 1.76050E+13 1.93443E+13 2.09743E+13 % total
];

BU = [ 0.00000E+00 1.00000E+00 4.00000E+00 9.00000E+00 1.60000E+01 2.50000E+01 ];

DAYS = [ 0.00000E+00 1.08624E+01 4.34496E+01 9.77617E+01 1.73799E+02 2.71560E+02 ];
