
ZAI = [
666
0
];

NAMES = [
'lost            '
'total           '
];

iLOST    = 1;
iTOT     = 2;

MAT_fuelsalt_VOLUME = [ 3.94432E+06 3.94432E+06 3.94432E+06 3.94432E+06 3.94432E+06 3.94432E+06 ];

MAT_fuelsalt_BURNUP = [ 0.00000E+00 9.99928E-01 3.99834E+00 8.99679E+00 1.59901E+01 2.49784E+01 ];

MAT_fuelsalt_ADENS = [
0.00000E+00 3.97362E-14 1.61301E-13 3.68138E-13 6.63183E-13 1.05086E-12 % lost data
7.65211E-02 7.65252E-02 7.65376E-02 7.65584E-02 7.65878E-02 7.66259E-02 % total
];

MAT_fuelsalt_MDENS = [
0.00000E+00 0.00000E+00 0.00000E+00 0.00000E+00 0.00000E+00 0.00000E+00 % lost data
3.27649E+00 3.27648E+00 3.27646E+00 3.27643E+00 3.27638E+00 3.27631E+00 % total
];

MAT_fuelsalt_A = [
0.00000E+00 0.00000E+00 0.00000E+00 0.00000E+00 0.00000E+00 0.00000E+00 % lost data
1.07399E+20 1.08640E+20 1.14596E+20 1.17308E+20 1.18931E+20 1.20085E+20 % total
];

MAT_fuelsalt_H = [
0.00000E+00 0.00000E+00 0.00000E+00 0.00000E+00 0.00000E+00 0.00000E+00 % lost data
7.89788E+06 3.00508E+07 3.10408E+07 3.16489E+07 3.21312E+07 3.25340E+07 % total
];

MAT_fuelsalt_SF = [
0.00000E+00 0.00000E+00 0.00000E+00 0.00000E+00 0.00000E+00 0.00000E+00 % lost data
1.50304E+11 1.76878E+11 1.90390E+11 2.09793E+11 2.31614E+11 2.53533E+11 % total
];

MAT_fuelsalt_GSRC = [
0.00000E+00 0.00000E+00 0.00000E+00 0.00000E+00 0.00000E+00 0.00000E+00 % lost data
2.58927E+16 9.21593E+19 9.73586E+19 9.88293E+19 9.94889E+19 9.98352E+19 % total
];

MAT_fuelsalt_ING_TOX = [
0.00000E+00 0.00000E+00 0.00000E+00 0.00000E+00 0.00000E+00 0.00000E+00 % lost data
5.77841E+10 6.83585E+10 8.14964E+10 8.77508E+10 9.31244E+10 9.80305E+10 % total
];

MAT_fuelsalt_INH_TOX = [
0.00000E+00 0.00000E+00 0.00000E+00 0.00000E+00 0.00000E+00 0.00000E+00 % lost data
1.43920E+13 1.48316E+13 1.59794E+13 1.75816E+13 1.93044E+13 2.09269E+13 % total
];

MAT_fuelsaltp_VOLUME = [ 1.77083E+04 1.77083E+04 1.77083E+04 1.77083E+04 1.77083E+04 1.77083E+04 ];

MAT_fuelsaltp_BURNUP = [ 0.00000E+00 1.06502E+00 4.55691E+00 1.01001E+01 1.89735E+01 3.08714E+01 ];

MAT_fuelsaltp_ADENS = [
0.00000E+00 5.15724E-14 2.04605E-13 4.56311E-13 8.86225E-13 1.44811E-12 % lost data
7.65211E-02 7.65255E-02 7.65398E-02 7.65629E-02 7.66001E-02 7.66501E-02 % total
];

MAT_fuelsaltp_MDENS = [
0.00000E+00 0.00000E+00 0.00000E+00 0.00000E+00 0.00000E+00 0.00000E+00 % lost data
3.27649E+00 3.27648E+00 3.27643E+00 3.27637E+00 3.27626E+00 3.27612E+00 % total
];

MAT_fuelsaltp_A = [
0.00000E+00 0.00000E+00 0.00000E+00 0.00000E+00 0.00000E+00 0.00000E+00 % lost data
4.82178E+17 4.54399E+17 5.17584E+17 5.12987E+17 5.80841E+17 6.14226E+17 % total
];

MAT_fuelsaltp_H = [
0.00000E+00 0.00000E+00 0.00000E+00 0.00000E+00 0.00000E+00 0.00000E+00 % lost data
3.54581E+04 1.39163E+05 1.54426E+05 1.50786E+05 1.72258E+05 1.81186E+05 % total
];

MAT_fuelsaltp_SF = [
0.00000E+00 0.00000E+00 0.00000E+00 0.00000E+00 0.00000E+00 0.00000E+00 % lost data
6.74799E+08 7.91746E+08 8.53495E+08 9.37880E+08 1.04773E+09 1.17025E+09 % total
];

MAT_fuelsaltp_GSRC = [
0.00000E+00 0.00000E+00 0.00000E+00 0.00000E+00 0.00000E+00 0.00000E+00 % lost data
1.16247E+14 3.74596E+17 4.27483E+17 4.21230E+17 4.71933E+17 4.95993E+17 % total
];

MAT_fuelsaltp_ING_TOX = [
0.00000E+00 0.00000E+00 0.00000E+00 0.00000E+00 0.00000E+00 0.00000E+00 % lost data
2.59426E+08 2.94025E+08 3.71669E+08 3.93691E+08 4.47753E+08 4.87560E+08 % total
];

MAT_fuelsaltp_INH_TOX = [
0.00000E+00 0.00000E+00 0.00000E+00 0.00000E+00 0.00000E+00 0.00000E+00 % lost data
6.46140E+10 6.63207E+10 7.14922E+10 7.85383E+10 8.72289E+10 9.64838E+10 % total
];

TOT_VOLUME = [ 3.96203E+06 3.96203E+06 3.96203E+06 3.96203E+06 3.96203E+06 3.96203E+06 ];

TOT_BURNUP = [ 0.00000E+00 1.00022E+00 4.00084E+00 9.00172E+00 1.60034E+01 2.50047E+01 ];

TOT_ADENS = [
0.00000E+00 3.97891E-14 1.61494E-13 3.68532E-13 6.64180E-13 1.05264E-12 % lost data
7.65211E-02 7.65252E-02 7.65376E-02 7.65584E-02 7.65878E-02 7.66260E-02 % total
];

TOT_MASS = [
0.00000E+00 0.00000E+00 0.00000E+00 0.00000E+00 0.00000E+00 0.00000E+00 % lost data
1.29815E+07 1.29815E+07 1.29814E+07 1.29813E+07 1.29811E+07 1.29808E+07 % total
];

TOT_A = [
0.00000E+00 0.00000E+00 0.00000E+00 0.00000E+00 0.00000E+00 0.00000E+00 % lost data
1.07882E+20 1.09094E+20 1.15114E+20 1.17821E+20 1.19512E+20 1.20699E+20 % total
];

TOT_H = [
0.00000E+00 0.00000E+00 0.00000E+00 0.00000E+00 0.00000E+00 0.00000E+00 % lost data
7.93334E+06 3.01900E+07 3.11952E+07 3.17997E+07 3.23034E+07 3.27152E+07 % total
];

TOT_SF = [
0.00000E+00 0.00000E+00 0.00000E+00 0.00000E+00 0.00000E+00 0.00000E+00 % lost data
1.50978E+11 1.77670E+11 1.91243E+11 2.10731E+11 2.32662E+11 2.54703E+11 % total
];

TOT_GSRC = [
0.00000E+00 0.00000E+00 0.00000E+00 0.00000E+00 0.00000E+00 0.00000E+00 % lost data
2.60089E+16 9.25339E+19 9.77860E+19 9.92505E+19 9.99608E+19 1.00331E+20 % total
];

TOT_ING_TOX = [
0.00000E+00 0.00000E+00 0.00000E+00 0.00000E+00 0.00000E+00 0.00000E+00 % lost data
5.80435E+10 6.86525E+10 8.18681E+10 8.81445E+10 9.35721E+10 9.85181E+10 % total
];

TOT_INH_TOX = [
0.00000E+00 0.00000E+00 0.00000E+00 0.00000E+00 0.00000E+00 0.00000E+00 % lost data
1.44566E+13 1.48979E+13 1.60509E+13 1.76601E+13 1.93916E+13 2.10234E+13 % total
];

BU = [ 0.00000E+00 1.00000E+00 4.00000E+00 9.00000E+00 1.60000E+01 2.50000E+01 ];

DAYS = [ 0.00000E+00 1.08840E+01 4.35361E+01 9.79563E+01 1.74145E+02 2.72101E+02 ];
