
ZAI = [
666
0
];

NAMES = [
'lost            '
'total           '
];

iLOST    = 1;
iTOT     = 2;

MAT_fuelsalt_VOLUME = [ 3.93231E+06 3.93231E+06 ];

MAT_fuelsalt_BURNUP = [ 0.00000E+00 9.96409E-01 ];

MAT_fuelsalt_ADENS = [
0.00000E+00 3.02009E-14 % lost data
7.37099E-02 7.37141E-02 % total
];

MAT_fuelsalt_MDENS = [
0.00000E+00 0.00000E+00 % lost data
3.20454E+00 3.20453E+00 % total
];

MAT_fuelsalt_A = [
0.00000E+00 0.00000E+00 % lost data
2.01705E+20 1.02971E+20 % total
];

MAT_fuelsalt_H = [
0.00000E+00 0.00000E+00 % lost data
1.48328E+07 2.99716E+07 % total
];

MAT_fuelsalt_SF = [
0.00000E+00 0.00000E+00 % lost data
2.82278E+11 3.27859E+11 % total
];

MAT_fuelsalt_GSRC = [
0.00000E+00 0.00000E+00 % lost data
4.86285E+16 8.42627E+19 % total
];

MAT_fuelsalt_ING_TOX = [
0.00000E+00 0.00000E+00 % lost data
1.08523E+11 9.18745E+10 % total
];

MAT_fuelsalt_INH_TOX = [
0.00000E+00 0.00000E+00 % lost data
2.70293E+13 2.74184E+13 % total
];

MAT_fuelsaltp_VOLUME = [ 1.82068E+04 1.82068E+04 ];

MAT_fuelsaltp_BURNUP = [ 0.00000E+00 1.80302E+00 ];

MAT_fuelsaltp_ADENS = [
0.00000E+00 5.95618E-14 % lost data
7.37099E-02 7.37174E-02 % total
];

MAT_fuelsaltp_MDENS = [
0.00000E+00 0.00000E+00 % lost data
3.20454E+00 3.20451E+00 % total
];

MAT_fuelsaltp_A = [
0.00000E+00 0.00000E+00 % lost data
9.33901E+17 7.70526E+17 % total
];

MAT_fuelsaltp_H = [
0.00000E+00 0.00000E+00 % lost data
6.86767E+04 2.41050E+05 % total
];

MAT_fuelsaltp_SF = [
0.00000E+00 0.00000E+00 % lost data
1.30696E+09 1.53443E+09 % total
];

MAT_fuelsaltp_GSRC = [
0.00000E+00 0.00000E+00 % lost data
2.25152E+14 6.23764E+17 % total
];

MAT_fuelsaltp_ING_TOX = [
0.00000E+00 0.00000E+00 % lost data
5.02466E+08 5.30333E+08 % total
];

MAT_fuelsaltp_INH_TOX = [
0.00000E+00 0.00000E+00 % lost data
1.25147E+11 1.28495E+11 % total
];

TOT_VOLUME = [ 3.95052E+06 3.95052E+06 ];

TOT_BURNUP = [ 0.00000E+00 1.00013E+00 ];

TOT_ADENS = [
0.00000E+00 3.03362E-14 % lost data
7.37099E-02 7.37141E-02 % total
];

TOT_MASS = [
0.00000E+00 0.00000E+00 % lost data
1.26596E+07 1.26595E+07 % total
];

TOT_A = [
0.00000E+00 0.00000E+00 % lost data
2.02639E+20 1.03741E+20 % total
];

TOT_H = [
0.00000E+00 0.00000E+00 % lost data
1.49015E+07 3.02127E+07 % total
];

TOT_SF = [
0.00000E+00 0.00000E+00 % lost data
2.83585E+11 3.29394E+11 % total
];

TOT_GSRC = [
0.00000E+00 0.00000E+00 % lost data
4.88537E+16 8.48865E+19 % total
];

TOT_ING_TOX = [
0.00000E+00 0.00000E+00 % lost data
1.09026E+11 9.24049E+10 % total
];

TOT_INH_TOX = [
0.00000E+00 0.00000E+00 % lost data
2.71545E+13 2.75469E+13 % total
];

BU = [ 0.00000E+00 1.00000E+00 ];

DAYS = [ 0.00000E+00 1.10399E+01 ];
