
ZAI = [
666
0
];

NAMES = [
'lost            '
'total           '
];

iLOST    = 1;
iTOT     = 2;

MAT_fuelsalt_VOLUME = [ 3.93799E+06 3.93799E+06 ];

MAT_fuelsalt_BURNUP = [ 0.00000E+00 9.97281E-01 ];

MAT_fuelsalt_ADENS = [
0.00000E+00 3.00887E-14 % lost data
7.37099E-02 7.37141E-02 % total
];

MAT_fuelsalt_MDENS = [
0.00000E+00 0.00000E+00 % lost data
3.20454E+00 3.20453E+00 % total
];

MAT_fuelsalt_A = [
0.00000E+00 0.00000E+00 % lost data
2.01996E+20 1.02991E+20 % total
];

MAT_fuelsalt_H = [
0.00000E+00 0.00000E+00 % lost data
1.48543E+07 2.99887E+07 % total
];

MAT_fuelsalt_SF = [
0.00000E+00 0.00000E+00 % lost data
2.82686E+11 3.28347E+11 % total
];

MAT_fuelsalt_GSRC = [
0.00000E+00 0.00000E+00 % lost data
4.86988E+16 8.42764E+19 % total
];

MAT_fuelsalt_ING_TOX = [
0.00000E+00 0.00000E+00 % lost data
1.08680E+11 9.19819E+10 % total
];

MAT_fuelsalt_INH_TOX = [
0.00000E+00 0.00000E+00 % lost data
2.70684E+13 2.74584E+13 % total
];

MAT_fuelsaltp_VOLUME = [ 1.87146E+04 1.87146E+04 ];

MAT_fuelsaltp_BURNUP = [ 0.00000E+00 1.60233E+00 ];

MAT_fuelsaltp_ADENS = [
0.00000E+00 5.35527E-14 % lost data
7.37099E-02 7.37166E-02 % total
];

MAT_fuelsaltp_MDENS = [
0.00000E+00 0.00000E+00 % lost data
3.20454E+00 3.20452E+00 % total
];

MAT_fuelsaltp_A = [
0.00000E+00 0.00000E+00 % lost data
9.59950E+17 7.03326E+17 % total
];

MAT_fuelsaltp_H = [
0.00000E+00 0.00000E+00 % lost data
7.05922E+04 2.20590E+05 % total
];

MAT_fuelsaltp_SF = [
0.00000E+00 0.00000E+00 % lost data
1.34341E+09 1.56992E+09 % total
];

MAT_fuelsaltp_GSRC = [
0.00000E+00 0.00000E+00 % lost data
2.31432E+14 5.68691E+17 % total
];

MAT_fuelsaltp_ING_TOX = [
0.00000E+00 0.00000E+00 % lost data
5.16481E+08 5.13057E+08 % total
];

MAT_fuelsaltp_INH_TOX = [
0.00000E+00 0.00000E+00 % lost data
1.28638E+11 1.31413E+11 % total
];

TOT_VOLUME = [ 3.95671E+06 3.95671E+06 ];

TOT_BURNUP = [ 0.00000E+00 1.00014E+00 ];

TOT_ADENS = [
0.00000E+00 3.01997E-14 % lost data
7.37099E-02 7.37141E-02 % total
];

TOT_MASS = [
0.00000E+00 0.00000E+00 % lost data
1.26794E+07 1.26794E+07 % total
];

TOT_A = [
0.00000E+00 0.00000E+00 % lost data
2.02956E+20 1.03694E+20 % total
];

TOT_H = [
0.00000E+00 0.00000E+00 % lost data
1.49249E+07 3.02093E+07 % total
];

TOT_SF = [
0.00000E+00 0.00000E+00 % lost data
2.84030E+11 3.29917E+11 % total
];

TOT_GSRC = [
0.00000E+00 0.00000E+00 % lost data
4.89302E+16 8.48451E+19 % total
];

TOT_ING_TOX = [
0.00000E+00 0.00000E+00 % lost data
1.09196E+11 9.24950E+10 % total
];

TOT_INH_TOX = [
0.00000E+00 0.00000E+00 % lost data
2.71970E+13 2.75898E+13 % total
];

BU = [ 0.00000E+00 1.00000E+00 ];

DAYS = [ 0.00000E+00 1.10572E+01 ];
