
ZAI = [
666
0
];

NAMES = [
'lost            '
'total           '
];

iLOST    = 1;
iTOT     = 2;

MAT_fuelsalt_VOLUME = [ 3.93920E+06 3.93920E+06 3.93920E+06 3.93920E+06 3.93920E+06 3.93920E+06 ];

MAT_fuelsalt_BURNUP = [ 0.00000E+00 9.99198E-01 3.99548E+00 8.99243E+00 1.59807E+01 2.49817E+01 ];

MAT_fuelsalt_ADENS = [
0.00000E+00 4.47200E-14 1.82199E-13 4.16951E-13 7.55231E-13 1.19761E-12 % lost data
7.78992E-02 7.79032E-02 7.79153E-02 7.79357E-02 7.79645E-02 7.80019E-02 % total
];

MAT_fuelsalt_MDENS = [
0.00000E+00 0.00000E+00 0.00000E+00 0.00000E+00 0.00000E+00 0.00000E+00 % lost data
3.31179E+00 3.31179E+00 3.31177E+00 3.31174E+00 3.31169E+00 3.31163E+00 % total
];

MAT_fuelsalt_A = [
0.00000E+00 0.00000E+00 0.00000E+00 0.00000E+00 0.00000E+00 0.00000E+00 % lost data
6.08623E+19 1.11711E+20 1.17827E+20 1.20661E+20 1.22511E+20 1.23021E+20 % total
];

MAT_fuelsalt_H = [
0.00000E+00 0.00000E+00 0.00000E+00 0.00000E+00 0.00000E+00 0.00000E+00 % lost data
4.47566E+06 3.00886E+07 3.11860E+07 3.19012E+07 3.24604E+07 3.28316E+07 % total
];

MAT_fuelsalt_SF = [
0.00000E+00 0.00000E+00 0.00000E+00 0.00000E+00 0.00000E+00 0.00000E+00 % lost data
8.51774E+10 1.01854E+11 1.14216E+11 1.31356E+11 1.50012E+11 1.67727E+11 % total
];

MAT_fuelsalt_GSRC = [
0.00000E+00 0.00000E+00 0.00000E+00 0.00000E+00 0.00000E+00 0.00000E+00 % lost data
1.46732E+16 9.71233E+19 1.02478E+20 1.04010E+20 1.04813E+20 1.04454E+20 % total
];

MAT_fuelsalt_ING_TOX = [
0.00000E+00 0.00000E+00 0.00000E+00 0.00000E+00 0.00000E+00 0.00000E+00 % lost data
3.27457E+10 5.70250E+10 7.01062E+10 7.60372E+10 8.09430E+10 8.48960E+10 % total
];

MAT_fuelsalt_INH_TOX = [
0.00000E+00 0.00000E+00 0.00000E+00 0.00000E+00 0.00000E+00 0.00000E+00 % lost data
8.15582E+12 8.58064E+12 9.66780E+12 1.11236E+13 1.26232E+13 1.39179E+13 % total
];

MAT_fuelsaltp_VOLUME = [ 1.80469E+04 1.80469E+04 1.80469E+04 1.80469E+04 1.80469E+04 1.80469E+04 ];

MAT_fuelsaltp_BURNUP = [ 0.00000E+00 1.23254E+00 5.21209E+00 1.11449E+01 2.11445E+01 3.03969E+01 ];

MAT_fuelsaltp_ADENS = [
0.00000E+00 6.80177E-14 2.84270E-13 6.00135E-13 1.17312E-12 1.71112E-12 % lost data
7.78992E-02 7.79042E-02 7.79203E-02 7.79446E-02 7.79855E-02 7.80240E-02 % total
];

MAT_fuelsaltp_MDENS = [
0.00000E+00 0.00000E+00 0.00000E+00 0.00000E+00 0.00000E+00 0.00000E+00 % lost data
3.31179E+00 3.31178E+00 3.31173E+00 3.31166E+00 3.31155E+00 3.31145E+00 % total
];

MAT_fuelsaltp_A = [
0.00000E+00 0.00000E+00 0.00000E+00 0.00000E+00 0.00000E+00 0.00000E+00 % lost data
2.78832E+17 5.38380E+17 6.12019E+17 5.57371E+17 6.72979E+17 5.01228E+17 % total
];

MAT_fuelsaltp_H = [
0.00000E+00 0.00000E+00 0.00000E+00 0.00000E+00 0.00000E+00 0.00000E+00 % lost data
2.05046E+04 1.63482E+05 1.80224E+05 1.62560E+05 1.96429E+05 1.45224E+05 % total
];

MAT_fuelsaltp_SF = [
0.00000E+00 0.00000E+00 0.00000E+00 0.00000E+00 0.00000E+00 0.00000E+00 % lost data
3.90227E+08 4.68720E+08 5.33973E+08 6.07519E+08 7.24581E+08 7.79562E+08 % total
];

MAT_fuelsaltp_GSRC = [
0.00000E+00 0.00000E+00 0.00000E+00 0.00000E+00 0.00000E+00 0.00000E+00 % lost data
6.72229E+13 4.50522E+17 5.14056E+17 4.64915E+17 5.54649E+17 4.09460E+17 % total
];

MAT_fuelsaltp_ING_TOX = [
0.00000E+00 0.00000E+00 0.00000E+00 0.00000E+00 0.00000E+00 0.00000E+00 % lost data
1.50020E+08 2.69015E+08 3.58986E+08 3.59045E+08 4.33416E+08 3.70231E+08 % total
];

MAT_fuelsaltp_INH_TOX = [
0.00000E+00 0.00000E+00 0.00000E+00 0.00000E+00 0.00000E+00 0.00000E+00 % lost data
3.73647E+10 3.94383E+10 4.51213E+10 5.12310E+10 6.06347E+10 6.42038E+10 % total
];

TOT_VOLUME = [ 3.95725E+06 3.95725E+06 3.95725E+06 3.95725E+06 3.95725E+06 3.95725E+06 ];

TOT_BURNUP = [ 0.00000E+00 1.00026E+00 4.00103E+00 9.00225E+00 1.60043E+01 2.50064E+01 ];

TOT_ADENS = [
0.00000E+00 4.48262E-14 1.82664E-13 4.17787E-13 7.57136E-13 1.19995E-12 % lost data
7.78992E-02 7.79032E-02 7.79154E-02 7.79358E-02 7.79646E-02 7.80020E-02 % total
];

TOT_MASS = [
0.00000E+00 0.00000E+00 0.00000E+00 0.00000E+00 0.00000E+00 0.00000E+00 % lost data
1.31056E+07 1.31056E+07 1.31055E+07 1.31054E+07 1.31052E+07 1.31049E+07 % total
];

TOT_A = [
0.00000E+00 0.00000E+00 0.00000E+00 0.00000E+00 0.00000E+00 0.00000E+00 % lost data
6.11411E+19 1.12250E+20 1.18439E+20 1.21219E+20 1.23184E+20 1.23522E+20 % total
];

TOT_H = [
0.00000E+00 0.00000E+00 0.00000E+00 0.00000E+00 0.00000E+00 0.00000E+00 % lost data
4.49616E+06 3.02521E+07 3.13662E+07 3.20637E+07 3.26569E+07 3.29769E+07 % total
];

TOT_SF = [
0.00000E+00 0.00000E+00 0.00000E+00 0.00000E+00 0.00000E+00 0.00000E+00 % lost data
8.55676E+10 1.02322E+11 1.14750E+11 1.31964E+11 1.50737E+11 1.68507E+11 % total
];

TOT_GSRC = [
0.00000E+00 0.00000E+00 0.00000E+00 0.00000E+00 0.00000E+00 0.00000E+00 % lost data
1.47404E+16 9.75738E+19 1.02992E+20 1.04475E+20 1.05368E+20 1.04864E+20 % total
];

TOT_ING_TOX = [
0.00000E+00 0.00000E+00 0.00000E+00 0.00000E+00 0.00000E+00 0.00000E+00 % lost data
3.28957E+10 5.72940E+10 7.04652E+10 7.63963E+10 8.13764E+10 8.52662E+10 % total
];

TOT_INH_TOX = [
0.00000E+00 0.00000E+00 0.00000E+00 0.00000E+00 0.00000E+00 0.00000E+00 % lost data
8.19318E+12 8.62008E+12 9.71292E+12 1.11748E+13 1.26839E+13 1.39821E+13 % total
];

BU = [ 0.00000E+00 1.00000E+00 4.00000E+00 9.00000E+00 1.60000E+01 2.50000E+01 ];

DAYS = [ 0.00000E+00 1.07793E+01 4.31172E+01 9.70136E+01 1.72469E+02 2.69482E+02 ];
