
ZAI = [
666
0
];

NAMES = [
'lost            '
'total           '
];

iLOST    = 1;
iTOT     = 2;

MAT_fuelsalt_VOLUME = [ 3.93764E+06 3.93764E+06 3.93764E+06 3.93764E+06 3.93764E+06 3.93764E+06 ];

MAT_fuelsalt_BURNUP = [ 0.00000E+00 9.99359E-01 3.99640E+00 8.98613E+00 1.59827E+01 2.49832E+01 ];

MAT_fuelsalt_ADENS = [
0.00000E+00 4.49106E-14 1.82230E-13 4.16245E-13 7.51663E-13 1.19258E-12 % lost data
7.78992E-02 7.79032E-02 7.79153E-02 7.79357E-02 7.79645E-02 7.80019E-02 % total
];

MAT_fuelsalt_MDENS = [
0.00000E+00 0.00000E+00 0.00000E+00 0.00000E+00 0.00000E+00 0.00000E+00 % lost data
3.31179E+00 3.31179E+00 3.31177E+00 3.31174E+00 3.31169E+00 3.31163E+00 % total
];

MAT_fuelsalt_A = [
0.00000E+00 0.00000E+00 0.00000E+00 0.00000E+00 0.00000E+00 0.00000E+00 % lost data
6.08382E+19 1.11645E+20 1.17922E+20 1.20666E+20 1.22342E+20 1.22935E+20 % total
];

MAT_fuelsalt_H = [
0.00000E+00 0.00000E+00 0.00000E+00 0.00000E+00 0.00000E+00 0.00000E+00 % lost data
4.47388E+06 3.00953E+07 3.12058E+07 3.18847E+07 3.24615E+07 3.28198E+07 % total
];

MAT_fuelsalt_SF = [
0.00000E+00 0.00000E+00 0.00000E+00 0.00000E+00 0.00000E+00 0.00000E+00 % lost data
8.51436E+10 1.01797E+11 1.14144E+11 1.31285E+11 1.49798E+11 1.67445E+11 % total
];

MAT_fuelsalt_GSRC = [
0.00000E+00 0.00000E+00 0.00000E+00 0.00000E+00 0.00000E+00 0.00000E+00 % lost data
1.46673E+16 9.70421E+19 1.02568E+20 1.04052E+20 1.04641E+20 1.04368E+20 % total
];

MAT_fuelsalt_ING_TOX = [
0.00000E+00 0.00000E+00 0.00000E+00 0.00000E+00 0.00000E+00 0.00000E+00 % lost data
3.27327E+10 5.69802E+10 7.01265E+10 7.60295E+10 8.08668E+10 8.48291E+10 % total
];

MAT_fuelsalt_INH_TOX = [
0.00000E+00 0.00000E+00 0.00000E+00 0.00000E+00 0.00000E+00 0.00000E+00 % lost data
8.15259E+12 8.57563E+12 9.65995E+12 1.11165E+13 1.26061E+13 1.38950E+13 % total
];

MAT_fuelsaltp_VOLUME = [ 1.66927E+04 1.66927E+04 1.66927E+04 1.66927E+04 1.66927E+04 1.66927E+04 ];

MAT_fuelsaltp_BURNUP = [ 0.00000E+00 1.21448E+00 5.10347E+00 1.28689E+01 2.11971E+01 3.07477E+01 ];

MAT_fuelsaltp_ADENS = [
0.00000E+00 6.53145E-14 2.68044E-13 7.12415E-13 1.19048E-12 1.74288E-12 % lost data
7.78992E-02 7.79041E-02 7.79198E-02 7.79513E-02 7.79857E-02 7.80254E-02 % total
];

MAT_fuelsaltp_MDENS = [
0.00000E+00 0.00000E+00 0.00000E+00 0.00000E+00 0.00000E+00 0.00000E+00 % lost data
3.31179E+00 3.31178E+00 3.31173E+00 3.31164E+00 3.31154E+00 3.31144E+00 % total
];

MAT_fuelsaltp_A = [
0.00000E+00 0.00000E+00 0.00000E+00 0.00000E+00 0.00000E+00 0.00000E+00 % lost data
2.57908E+17 4.86843E+17 5.46691E+17 6.65055E+17 5.26952E+17 4.76462E+17 % total
];

MAT_fuelsaltp_H = [
0.00000E+00 0.00000E+00 0.00000E+00 0.00000E+00 0.00000E+00 0.00000E+00 % lost data
1.89659E+04 1.48390E+05 1.61744E+05 1.94773E+05 1.53275E+05 1.37924E+05 % total
];

MAT_fuelsaltp_SF = [
0.00000E+00 0.00000E+00 0.00000E+00 0.00000E+00 0.00000E+00 0.00000E+00 % lost data
3.60945E+08 4.32643E+08 4.89504E+08 5.82786E+08 6.61887E+08 7.15761E+08 % total
];

MAT_fuelsaltp_GSRC = [
0.00000E+00 0.00000E+00 0.00000E+00 0.00000E+00 0.00000E+00 0.00000E+00 % lost data
6.21785E+13 4.06554E+17 4.59624E+17 5.54470E+17 4.34090E+17 3.90183E+17 % total
];

MAT_fuelsaltp_ING_TOX = [
0.00000E+00 0.00000E+00 0.00000E+00 0.00000E+00 0.00000E+00 0.00000E+00 % lost data
1.38762E+08 2.44564E+08 3.23719E+08 4.01412E+08 3.58642E+08 3.47412E+08 % total
];

MAT_fuelsaltp_INH_TOX = [
0.00000E+00 0.00000E+00 0.00000E+00 0.00000E+00 0.00000E+00 0.00000E+00 % lost data
3.45609E+10 3.64033E+10 4.13021E+10 4.92876E+10 5.53138E+10 5.89000E+10 % total
];

TOT_VOLUME = [ 3.95434E+06 3.95434E+06 3.95434E+06 3.95434E+06 3.95434E+06 3.95434E+06 ];

TOT_BURNUP = [ 0.00000E+00 1.00027E+00 4.00108E+00 9.00252E+00 1.60047E+01 2.50075E+01 ];

TOT_ADENS = [
0.00000E+00 4.49968E-14 1.82592E-13 4.17496E-13 7.53516E-13 1.19490E-12 % lost data
7.78992E-02 7.79032E-02 7.79154E-02 7.79358E-02 7.79646E-02 7.80020E-02 % total
];

TOT_MASS = [
0.00000E+00 0.00000E+00 0.00000E+00 0.00000E+00 0.00000E+00 0.00000E+00 % lost data
1.30959E+07 1.30959E+07 1.30958E+07 1.30957E+07 1.30955E+07 1.30953E+07 % total
];

TOT_A = [
0.00000E+00 0.00000E+00 0.00000E+00 0.00000E+00 0.00000E+00 0.00000E+00 % lost data
6.10961E+19 1.12132E+20 1.18468E+20 1.21331E+20 1.22869E+20 1.23412E+20 % total
];

TOT_H = [
0.00000E+00 0.00000E+00 0.00000E+00 0.00000E+00 0.00000E+00 0.00000E+00 % lost data
4.49285E+06 3.02437E+07 3.13675E+07 3.20795E+07 3.26148E+07 3.29577E+07 % total
];

TOT_SF = [
0.00000E+00 0.00000E+00 0.00000E+00 0.00000E+00 0.00000E+00 0.00000E+00 % lost data
8.55045E+10 1.02230E+11 1.14634E+11 1.31867E+11 1.50460E+11 1.68161E+11 % total
];

TOT_GSRC = [
0.00000E+00 0.00000E+00 0.00000E+00 0.00000E+00 0.00000E+00 0.00000E+00 % lost data
1.47295E+16 9.74486E+19 1.03027E+20 1.04607E+20 1.05075E+20 1.04758E+20 % total
];

TOT_ING_TOX = [
0.00000E+00 0.00000E+00 0.00000E+00 0.00000E+00 0.00000E+00 0.00000E+00 % lost data
3.28715E+10 5.72248E+10 7.04502E+10 7.64309E+10 8.12254E+10 8.51765E+10 % total
];

TOT_INH_TOX = [
0.00000E+00 0.00000E+00 0.00000E+00 0.00000E+00 0.00000E+00 0.00000E+00 % lost data
8.18715E+12 8.61203E+12 9.70125E+12 1.11658E+13 1.26614E+13 1.39539E+13 % total
];

BU = [ 0.00000E+00 1.00000E+00 4.00000E+00 9.00000E+00 1.60000E+01 2.50000E+01 ];

DAYS = [ 0.00000E+00 1.07714E+01 4.30854E+01 9.69422E+01 1.72342E+02 2.69284E+02 ];
