
ZAI = [
666
0
];

NAMES = [
'lost            '
'total           '
];

iLOST    = 1;
iTOT     = 2;

MAT_fuelsalt_VOLUME = [ 3.93853E+06 3.93853E+06 3.93853E+06 3.93853E+06 ];

MAT_fuelsalt_BURNUP = [ 0.00000E+00 9.98345E-01 3.99361E+00 8.97948E+00 ];

MAT_fuelsalt_ADENS = [
0.00000E+00 3.64348E-14 1.47879E-13 3.37597E-13 % lost data
7.55923E-02 7.55964E-02 7.56090E-02 7.56300E-02 % total
];

MAT_fuelsalt_MDENS = [
0.00000E+00 0.00000E+00 0.00000E+00 0.00000E+00 % lost data
3.25271E+00 3.25270E+00 3.25268E+00 3.25264E+00 % total
];

MAT_fuelsalt_A = [
0.00000E+00 0.00000E+00 0.00000E+00 0.00000E+00 % lost data
1.38535E+20 1.06815E+20 1.12408E+20 1.15114E+20 % total
];

MAT_fuelsalt_H = [
0.00000E+00 0.00000E+00 0.00000E+00 0.00000E+00 % lost data
1.01875E+07 3.00191E+07 3.09467E+07 3.14791E+07 % total
];

MAT_fuelsalt_SF = [
0.00000E+00 0.00000E+00 0.00000E+00 0.00000E+00 % lost data
1.93876E+11 2.26842E+11 2.40323E+11 2.59879E+11 % total
];

MAT_fuelsalt_GSRC = [
0.00000E+00 0.00000E+00 0.00000E+00 0.00000E+00 % lost data
3.33991E+16 8.94770E+19 9.42512E+19 9.57931E+19 % total
];

MAT_fuelsalt_ING_TOX = [
0.00000E+00 0.00000E+00 0.00000E+00 0.00000E+00 % lost data
7.45359E+10 7.61097E+10 8.90229E+10 9.52651E+10 % total
];

MAT_fuelsalt_INH_TOX = [
0.00000E+00 0.00000E+00 0.00000E+00 0.00000E+00 % lost data
1.85643E+13 1.89959E+13 2.01231E+13 2.17110E+13 % total
];

MAT_fuelsaltp_VOLUME = [ 1.80657E+04 1.80657E+04 1.80657E+04 1.80657E+04 ];

MAT_fuelsaltp_BURNUP = [ 0.00000E+00 1.40081E+00 5.54680E+00 1.38431E+01 ];

MAT_fuelsaltp_ADENS = [
0.00000E+00 5.86518E-14 2.34014E-13 5.81593E-13 % lost data
7.55923E-02 7.55981E-02 7.56153E-02 7.56498E-02 % total
];

MAT_fuelsaltp_MDENS = [
0.00000E+00 0.00000E+00 0.00000E+00 0.00000E+00 % lost data
3.25271E+00 3.25269E+00 3.25263E+00 3.25253E+00 % total
];

MAT_fuelsaltp_A = [
0.00000E+00 0.00000E+00 0.00000E+00 0.00000E+00 % lost data
6.35448E+17 5.99673E+17 6.23113E+17 7.61941E+17 % total
];

MAT_fuelsaltp_H = [
0.00000E+00 0.00000E+00 0.00000E+00 0.00000E+00 % lost data
4.67292E+04 1.86176E+05 1.88193E+05 2.27073E+05 % total
];

MAT_fuelsaltp_SF = [
0.00000E+00 0.00000E+00 0.00000E+00 0.00000E+00 % lost data
8.89292E+08 1.04501E+09 1.12060E+09 1.25566E+09 % total
];

MAT_fuelsaltp_GSRC = [
0.00000E+00 0.00000E+00 0.00000E+00 0.00000E+00 % lost data
1.53199E+14 4.91214E+17 5.09504E+17 6.22059E+17 % total
];

MAT_fuelsaltp_ING_TOX = [
0.00000E+00 0.00000E+00 0.00000E+00 0.00000E+00 % lost data
3.41890E+08 3.88221E+08 4.63897E+08 5.59680E+08 % total
];

MAT_fuelsaltp_INH_TOX = [
0.00000E+00 0.00000E+00 0.00000E+00 0.00000E+00 % lost data
8.51528E+10 8.75884E+10 9.39565E+10 1.05067E+11 % total
];

TOT_VOLUME = [ 3.95659E+06 3.95659E+06 3.95659E+06 3.95659E+06 ];

TOT_BURNUP = [ 0.00000E+00 1.00018E+00 4.00070E+00 9.00169E+00 ];

TOT_ADENS = [
0.00000E+00 3.65362E-14 1.48272E-13 3.38711E-13 % lost data
7.55923E-02 7.55964E-02 7.56090E-02 7.56301E-02 % total
];

TOT_MASS = [
0.00000E+00 0.00000E+00 0.00000E+00 0.00000E+00 % lost data
1.28696E+07 1.28696E+07 1.28695E+07 1.28694E+07 % total
];

TOT_A = [
0.00000E+00 0.00000E+00 0.00000E+00 0.00000E+00 % lost data
1.39170E+20 1.07415E+20 1.13031E+20 1.15876E+20 % total
];

TOT_H = [
0.00000E+00 0.00000E+00 0.00000E+00 0.00000E+00 % lost data
1.02342E+07 3.02053E+07 3.11349E+07 3.17062E+07 % total
];

TOT_SF = [
0.00000E+00 0.00000E+00 0.00000E+00 0.00000E+00 % lost data
1.94765E+11 2.27887E+11 2.41444E+11 2.61134E+11 % total
];

TOT_GSRC = [
0.00000E+00 0.00000E+00 0.00000E+00 0.00000E+00 % lost data
3.35523E+16 8.99683E+19 9.47607E+19 9.64151E+19 % total
];

TOT_ING_TOX = [
0.00000E+00 0.00000E+00 0.00000E+00 0.00000E+00 % lost data
7.48778E+10 7.64980E+10 8.94868E+10 9.58248E+10 % total
];

TOT_INH_TOX = [
0.00000E+00 0.00000E+00 0.00000E+00 0.00000E+00 % lost data
1.86494E+13 1.90835E+13 2.02170E+13 2.18160E+13 % total
];

BU = [ 0.00000E+00 1.00000E+00 4.00000E+00 9.00000E+00 ];

DAYS = [ 0.00000E+00 1.09310E+01 4.37240E+01 9.83790E+01 ];
