
ZAI = [
666
0
];

NAMES = [
'lost            '
'total           '
];

iLOST    = 1;
iTOT     = 2;

MAT_fuelsalt_VOLUME = [ 3.93912E+06 3.93912E+06 3.93912E+06 3.93912E+06 3.93912E+06 ];

MAT_fuelsalt_BURNUP = [ 0.00000E+00 9.99008E-01 3.99506E+00 8.98738E+00 1.59801E+01 ];

MAT_fuelsalt_ADENS = [
0.00000E+00 3.64360E-14 1.47977E-13 3.36914E-13 6.07212E-13 % lost data
7.55923E-02 7.55964E-02 7.56090E-02 7.56300E-02 7.56598E-02 % total
];

MAT_fuelsalt_MDENS = [
0.00000E+00 0.00000E+00 0.00000E+00 0.00000E+00 0.00000E+00 % lost data
3.25271E+00 3.25270E+00 3.25268E+00 3.25264E+00 3.25259E+00 % total
];

MAT_fuelsalt_A = [
0.00000E+00 0.00000E+00 0.00000E+00 0.00000E+00 0.00000E+00 % lost data
1.38556E+20 1.06672E+20 1.12426E+20 1.14975E+20 1.16731E+20 % total
];

MAT_fuelsalt_H = [
0.00000E+00 0.00000E+00 0.00000E+00 0.00000E+00 0.00000E+00 % lost data
1.01890E+07 3.00208E+07 3.09548E+07 3.14942E+07 3.19779E+07 % total
];

MAT_fuelsalt_SF = [
0.00000E+00 0.00000E+00 0.00000E+00 0.00000E+00 0.00000E+00 % lost data
1.93905E+11 2.26849E+11 2.40308E+11 2.59857E+11 2.82169E+11 % total
];

MAT_fuelsalt_GSRC = [
0.00000E+00 0.00000E+00 0.00000E+00 0.00000E+00 0.00000E+00 % lost data
3.34041E+16 8.93144E+19 9.42636E+19 9.56280E+19 9.64356E+19 % total
];

MAT_fuelsalt_ING_TOX = [
0.00000E+00 0.00000E+00 0.00000E+00 0.00000E+00 0.00000E+00 % lost data
7.45471E+10 7.60583E+10 8.90314E+10 9.52265E+10 1.00752E+11 % total
];

MAT_fuelsalt_INH_TOX = [
0.00000E+00 0.00000E+00 0.00000E+00 0.00000E+00 0.00000E+00 % lost data
1.85671E+13 1.89972E+13 2.01234E+13 2.17111E+13 2.34580E+13 % total
];

MAT_fuelsaltp_VOLUME = [ 1.77553E+04 1.77553E+04 1.77553E+04 1.77553E+04 1.77553E+04 ];

MAT_fuelsaltp_BURNUP = [ 0.00000E+00 1.26020E+00 5.26552E+00 1.22248E+01 2.11256E+01 ];

MAT_fuelsaltp_ADENS = [
0.00000E+00 5.21912E-14 2.23466E-13 5.18607E-13 9.04230E-13 % lost data
7.55923E-02 7.55975E-02 7.56141E-02 7.56433E-02 7.56810E-02 % total
];

MAT_fuelsaltp_MDENS = [
0.00000E+00 0.00000E+00 0.00000E+00 0.00000E+00 0.00000E+00 % lost data
3.25271E+00 3.25269E+00 3.25264E+00 3.25255E+00 3.25244E+00 % total
];

MAT_fuelsaltp_A = [
0.00000E+00 0.00000E+00 0.00000E+00 0.00000E+00 0.00000E+00 % lost data
6.24532E+17 5.34774E+17 5.91619E+17 6.33597E+17 5.87869E+17 % total
];

MAT_fuelsaltp_H = [
0.00000E+00 0.00000E+00 0.00000E+00 0.00000E+00 0.00000E+00 % lost data
4.59265E+04 1.64622E+05 1.78663E+05 1.89043E+05 1.74881E+05 % total
];

MAT_fuelsaltp_SF = [
0.00000E+00 0.00000E+00 0.00000E+00 0.00000E+00 0.00000E+00 % lost data
8.74015E+08 1.02513E+09 1.09886E+09 1.20853E+09 1.31512E+09 % total
];

MAT_fuelsaltp_GSRC = [
0.00000E+00 0.00000E+00 0.00000E+00 0.00000E+00 0.00000E+00 % lost data
1.50567E+14 4.38262E+17 4.83967E+17 5.15458E+17 4.73218E+17 % total
];

MAT_fuelsaltp_ING_TOX = [
0.00000E+00 0.00000E+00 0.00000E+00 0.00000E+00 0.00000E+00 % lost data
3.36017E+08 3.62133E+08 4.45146E+08 4.93337E+08 4.97688E+08 % total
];

MAT_fuelsaltp_INH_TOX = [
0.00000E+00 0.00000E+00 0.00000E+00 0.00000E+00 0.00000E+00 % lost data
8.36900E+10 8.58573E+10 9.18369E+10 1.00772E+11 1.09179E+11 % total
];

TOT_VOLUME = [ 3.95687E+06 3.95687E+06 3.95687E+06 3.95687E+06 3.95687E+06 ];

TOT_BURNUP = [ 0.00000E+00 1.00018E+00 4.00076E+00 9.00191E+00 1.60032E+01 ];

TOT_ADENS = [
0.00000E+00 3.65067E-14 1.48316E-13 3.37729E-13 6.08545E-13 % lost data
7.55923E-02 7.55964E-02 7.56090E-02 7.56301E-02 7.56599E-02 % total
];

TOT_MASS = [
0.00000E+00 0.00000E+00 0.00000E+00 0.00000E+00 0.00000E+00 % lost data
1.28705E+07 1.28705E+07 1.28704E+07 1.28703E+07 1.28701E+07 % total
];

TOT_A = [
0.00000E+00 0.00000E+00 0.00000E+00 0.00000E+00 0.00000E+00 % lost data
1.39180E+20 1.07207E+20 1.13018E+20 1.15609E+20 1.17319E+20 % total
];

TOT_H = [
0.00000E+00 0.00000E+00 0.00000E+00 0.00000E+00 0.00000E+00 % lost data
1.02350E+07 3.01854E+07 3.11335E+07 3.16832E+07 3.21527E+07 % total
];

TOT_SF = [
0.00000E+00 0.00000E+00 0.00000E+00 0.00000E+00 0.00000E+00 % lost data
1.94779E+11 2.27874E+11 2.41407E+11 2.61066E+11 2.83484E+11 % total
];

TOT_GSRC = [
0.00000E+00 0.00000E+00 0.00000E+00 0.00000E+00 0.00000E+00 % lost data
3.35547E+16 8.97527E+19 9.47476E+19 9.61435E+19 9.69088E+19 % total
];

TOT_ING_TOX = [
0.00000E+00 0.00000E+00 0.00000E+00 0.00000E+00 0.00000E+00 % lost data
7.48831E+10 7.64204E+10 8.94765E+10 9.57199E+10 1.01250E+11 % total
];

TOT_INH_TOX = [
0.00000E+00 0.00000E+00 0.00000E+00 0.00000E+00 0.00000E+00 % lost data
1.86508E+13 1.90831E+13 2.02153E+13 2.18118E+13 2.35672E+13 % total
];

BU = [ 0.00000E+00 1.00000E+00 4.00000E+00 9.00000E+00 1.60000E+01 ];

DAYS = [ 0.00000E+00 1.09318E+01 4.37271E+01 9.83860E+01 1.74908E+02 ];
