
DETelastic = [
    1    1    1    1    1    1    1    1    1    1  1.69116E+18 0.00325 
];

