
nuc(   1, :) = '   3006.03c';
nuc(   2, :) = '   3007.03c';
nuc(   3, :) = '   4009.03c';
nuc(   4, :) = '   5010.06c';
nuc(   5, :) = '   5010.03c';
nuc(   6, :) = '   5011.06c';
nuc(   7, :) = '   5011.03c';
nuc(   8, :) = '   6000.06c';
nuc(   9, :) = '   6000.03c';
nuc(  10, :) = '   6000.06s';
nuc(  11, :) = '   9019.03c';
nuc(  12, :) = '  92234.03c';
nuc(  13, :) = '  92235.03c';
nuc(  14, :) = '  92236.03c';
nuc(  15, :) = '  92238.03c';
nuc(  16, :) = '   gre7.04t';
nuc(  17, :) = '   gre7.08t';
nuc(  18, :) = '   gre7.12t';
nuc(  19, :) = '   gre7.16t';
nuc(  20, :) = '   gre7.18t';
nuc(  21, :) = '   gre7.22t';

% ----- Analog nuclide-wise reaction rate estimates

rr = [
   1   30060    2  1.00000E-11  2.00000E+01  1.95056E+15 0.06738  %   3006.03c mt 2
   1   30060   24  4.31812E+00  2.00000E+01  0.00000E+00 0.00000  %   3006.03c mt 24
   1   30060   51  1.75154E+00  2.00000E+01  0.00000E+00 0.00000  %   3006.03c mt 51
   1   30060   52  2.33540E+00  2.00000E+01  0.00000E+00 0.00000  %   3006.03c mt 52
   1   30060   53  2.55140E+00  2.00000E+01  0.00000E+00 0.00000  %   3006.03c mt 53
   1   30060   54  2.91922E+00  2.00000E+01  1.00000E+13 1.00000  %   3006.03c mt 54
   1   30060   55  3.50310E+00  2.00000E+01  0.00000E+00 0.00000  %   3006.03c mt 55
   1   30060   56  4.08692E+00  2.00000E+01  0.00000E+00 0.00000  %   3006.03c mt 56
   1   30060   57  4.15931E+00  2.00000E+01  0.00000E+00 0.00000  %   3006.03c mt 57
   1   30060   58  4.67080E+00  2.00000E+01  0.00000E+00 0.00000  %   3006.03c mt 58
   1   30060   59  5.25460E+00  2.00000E+01  0.00000E+00 0.00000  %   3006.03c mt 59
   1   30060   60  5.83845E+00  2.00000E+01  0.00000E+00 0.00000  %   3006.03c mt 60
   1   30060   61  6.42230E+00  2.00000E+01  0.00000E+00 0.00000  %   3006.03c mt 61
   1   30060   62  7.00614E+00  2.00000E+01  0.00000E+00 0.00000  %   3006.03c mt 62
   1   30060   63  7.59000E+00  2.00000E+01  0.00000E+00 0.00000  %   3006.03c mt 63
   1   30060   64  8.17383E+00  2.00000E+01  0.00000E+00 0.00000  %   3006.03c mt 64
   1   30060   65  8.75770E+00  2.00000E+01  0.00000E+00 0.00000  %   3006.03c mt 65
   1   30060   66  9.34152E+00  2.00000E+01  0.00000E+00 0.00000  %   3006.03c mt 66
   1   30060   67  9.92536E+00  2.00000E+01  0.00000E+00 0.00000  %   3006.03c mt 67
   1   30060   68  1.05092E+01  2.00000E+01  0.00000E+00 0.00000  %   3006.03c mt 68
   1   30060   69  1.10931E+01  2.00000E+01  0.00000E+00 0.00000  %   3006.03c mt 69
   1   30060   70  1.16770E+01  2.00000E+01  0.00000E+00 0.00000  %   3006.03c mt 70
   1   30060   71  1.22610E+01  2.00000E+01  0.00000E+00 0.00000  %   3006.03c mt 71
   1   30060   72  1.28450E+01  2.00000E+01  0.00000E+00 0.00000  %   3006.03c mt 72
   1   30060   73  1.34284E+01  2.00000E+01  0.00000E+00 0.00000  %   3006.03c mt 73
   1   30060   74  1.40123E+01  2.00000E+01  0.00000E+00 0.00000  %   3006.03c mt 74
   1   30060   75  1.45961E+01  2.00000E+01  0.00000E+00 0.00000  %   3006.03c mt 75
   1   30060   76  1.51800E+01  2.00000E+01  0.00000E+00 0.00000  %   3006.03c mt 76
   1   30060   77  1.57640E+01  2.00000E+01  0.00000E+00 0.00000  %   3006.03c mt 77
   1   30060   78  1.63480E+01  2.00000E+01  0.00000E+00 0.00000  %   3006.03c mt 78
   1   30060   79  1.69315E+01  2.00000E+01  0.00000E+00 0.00000  %   3006.03c mt 79
   1   30060   80  1.75154E+01  2.00000E+01  0.00000E+00 0.00000  %   3006.03c mt 80
   1   30060   81  1.80992E+01  2.00000E+01  0.00000E+00 0.00000  %   3006.03c mt 81
   1   30060  102  1.00000E-11  2.00000E+01  9.93691E+12 1.00000  %   3006.03c mt 102
   1   30060  103  3.18464E+00  2.00000E+01  0.00000E+00 0.00000  %   3006.03c mt 103
   1   30060  105  1.00000E-11  2.00000E+01  4.18838E+17 0.00504  %   3006.03c mt 105
   2   30070    2  1.00000E-11  2.00000E+01  4.42449E+19 0.00063  %   3007.03c mt 2
   2   30070   16  8.29288E+00  2.00000E+01  8.09225E+13 0.34731  %   3007.03c mt 16
   2   30070   24  9.97823E+00  2.00000E+01  2.01214E+13 0.70538  %   3007.03c mt 24
   2   30070   25  1.25227E+01  2.00000E+01  0.00000E+00 0.00000  %   3007.03c mt 25
   2   30070   51  5.46277E-01  2.00000E+01  6.38394E+17 0.00421  %   3007.03c mt 51
   2   30070   52  3.14540E+00  2.00000E+01  4.68782E+15 0.04727  %   3007.03c mt 52
   2   30070   53  3.71724E+00  2.00000E+01  8.92016E+15 0.03289  %   3007.03c mt 53
   2   30070   54  4.28913E+00  2.00000E+01  8.48840E+15 0.03472  %   3007.03c mt 54
   2   30070   55  4.86101E+00  2.00000E+01  5.92001E+15 0.04053  %   3007.03c mt 55
   2   30070   56  5.29564E+00  2.00000E+01  1.36082E+16 0.02478  %   3007.03c mt 56
   2   30070   57  5.43290E+00  2.00000E+01  3.59467E+15 0.05144  %   3007.03c mt 57
   2   30070   58  6.00480E+00  2.00000E+01  1.88754E+15 0.06935  %   3007.03c mt 58
   2   30070   59  6.57670E+00  2.00000E+01  9.99369E+14 0.10383  %   3007.03c mt 59
   2   30070   60  7.14854E+00  2.00000E+01  4.34321E+14 0.14309  %   3007.03c mt 60
   2   30070   61  7.72042E+00  2.00000E+01  2.32029E+14 0.19667  %   3007.03c mt 61
   2   30070   62  8.29231E+00  2.00000E+01  1.92394E+14 0.21881  %   3007.03c mt 62
   2   30070   63  8.86420E+00  2.00000E+01  1.30567E+14 0.26890  %   3007.03c mt 63
   2   30070   64  9.43610E+00  2.00000E+01  5.01091E+13 0.44272  %   3007.03c mt 64
   2   30070   65  1.00080E+01  2.00000E+01  3.99422E+13 0.49623  %   3007.03c mt 65
   2   30070   66  1.05800E+01  2.00000E+01  0.00000E+00 0.00000  %   3007.03c mt 66
   2   30070   67  1.11520E+01  2.00000E+01  0.00000E+00 0.00000  %   3007.03c mt 67
   2   30070   68  1.17240E+01  2.00000E+01  0.00000E+00 0.00000  %   3007.03c mt 68
   2   30070   69  1.22955E+01  2.00000E+01  1.01659E+13 1.00000  %   3007.03c mt 69
   2   30070   70  1.28674E+01  2.00000E+01  1.03051E+13 1.00000  %   3007.03c mt 70
   2   30070   71  1.34393E+01  2.00000E+01  9.74991E+12 1.00000  %   3007.03c mt 71
   2   30070   72  1.40112E+01  2.00000E+01  0.00000E+00 0.00000  %   3007.03c mt 72
   2   30070   73  1.45830E+01  2.00000E+01  0.00000E+00 0.00000  %   3007.03c mt 73
   2   30070   74  1.51550E+01  2.00000E+01  1.02255E+13 1.00000  %   3007.03c mt 74
   2   30070   75  1.57270E+01  2.00000E+01  0.00000E+00 0.00000  %   3007.03c mt 75
   2   30070   76  1.62990E+01  2.00000E+01  0.00000E+00 0.00000  %   3007.03c mt 76
   2   30070   77  1.68710E+01  2.00000E+01  0.00000E+00 0.00000  %   3007.03c mt 77
   2   30070   78  1.74425E+01  2.00000E+01  0.00000E+00 0.00000  %   3007.03c mt 78
   2   30070   79  1.80143E+01  2.00000E+01  0.00000E+00 0.00000  %   3007.03c mt 79
   2   30070   80  1.85862E+01  2.00000E+01  0.00000E+00 0.00000  %   3007.03c mt 80
   2   30070   81  1.91581E+01  2.00000E+01  0.00000E+00 0.00000  %   3007.03c mt 81
   2   30070   82  1.97300E+01  2.00000E+01  0.00000E+00 0.00000  %   3007.03c mt 82
   2   30070  102  1.00000E-11  2.00000E+01  4.02397E+17 0.00499  %   3007.03c mt 102
   2   30070  104  8.86786E+00  2.00000E+01  0.00000E+00 0.00000  %   3007.03c mt 104
   3   40090    2  1.00000E-11  2.00000E+01  4.96996E+19 0.00059  %   4009.03c mt 2
   3   40090   16  1.74883E+00  2.00000E+01  6.18856E+16 0.01210  %   4009.03c mt 16
   3   40090  102  1.00000E-11  2.00000E+01  1.66729E+16 0.02420  %   4009.03c mt 102
   3   40090  103  1.42660E+01  2.00000E+01  0.00000E+00 0.00000  %   4009.03c mt 103
   3   40090  104  1.63008E+01  2.00000E+01  0.00000E+00 0.00000  %   4009.03c mt 104
   3   40090  105  1.16085E+01  2.00000E+01  0.00000E+00 0.00000  %   4009.03c mt 105
   3   40090  107  6.67153E-01  2.00000E+01  2.43747E+16 0.02054  %   4009.03c mt 107
   4   50100    2  1.00000E-11  2.00000E+01  1.29693E+15 0.08662  %   5010.06c mt 2
   4   50100   51  7.90714E-01  2.00000E+01  0.00000E+00 0.00000  %   5010.06c mt 51
   4   50100   52  1.91545E+00  2.00000E+01  0.00000E+00 0.00000  %   5010.06c mt 52
   4   50100   53  2.37132E+00  2.00000E+01  0.00000E+00 0.00000  %   5010.06c mt 53
