
ZAI = [
666
0
];

NAMES = [
'lost            '
'total           '
];

iLOST    = 1;
iTOT     = 2;

MAT_fuelsalt_VOLUME = [ 3.93247E+06 3.93247E+06 3.93247E+06 3.93247E+06 3.93247E+06 3.93247E+06 ];

MAT_fuelsalt_BURNUP = [ 0.00000E+00 9.99823E-01 3.99647E+00 8.99003E+00 1.59856E+01 2.49728E+01 ];

MAT_fuelsalt_ADENS = [
0.00000E+00 3.81111E-14 1.54836E-13 3.51913E-13 6.33245E-13 1.00593E-12 % lost data
7.60578E-02 7.60619E-02 7.60743E-02 7.60952E-02 7.61248E-02 7.61631E-02 % total
];

MAT_fuelsalt_MDENS = [
0.00000E+00 0.00000E+00 0.00000E+00 0.00000E+00 0.00000E+00 0.00000E+00 % lost data
3.26462E+00 3.26461E+00 3.26459E+00 3.26456E+00 3.26451E+00 3.26444E+00 % total
];

MAT_fuelsalt_A = [
0.00000E+00 0.00000E+00 0.00000E+00 0.00000E+00 0.00000E+00 0.00000E+00 % lost data
1.22662E+20 1.07824E+20 1.13488E+20 1.15984E+20 1.17723E+20 1.19153E+20 % total
];

MAT_fuelsalt_H = [
0.00000E+00 0.00000E+00 0.00000E+00 0.00000E+00 0.00000E+00 0.00000E+00 % lost data
9.02027E+06 3.00573E+07 3.09910E+07 3.15476E+07 3.20392E+07 3.24624E+07 % total
];

MAT_fuelsalt_SF = [
0.00000E+00 0.00000E+00 0.00000E+00 0.00000E+00 0.00000E+00 0.00000E+00 % lost data
1.71663E+11 2.01369E+11 2.14881E+11 2.34377E+11 2.56336E+11 2.79114E+11 % total
];

MAT_fuelsalt_GSRC = [
0.00000E+00 0.00000E+00 0.00000E+00 0.00000E+00 0.00000E+00 0.00000E+00 % lost data
2.95724E+16 9.09018E+19 9.57533E+19 9.70604E+19 9.78532E+19 9.84542E+19 % total
];

MAT_fuelsalt_ING_TOX = [
0.00000E+00 0.00000E+00 0.00000E+00 0.00000E+00 0.00000E+00 0.00000E+00 % lost data
6.59960E+10 7.21647E+10 8.51495E+10 9.13383E+10 9.68020E+10 1.01928E+11 % total
];

MAT_fuelsalt_INH_TOX = [
0.00000E+00 0.00000E+00 0.00000E+00 0.00000E+00 0.00000E+00 0.00000E+00 % lost data
1.64373E+13 1.68732E+13 1.80115E+13 1.96062E+13 2.13339E+13 2.30152E+13 % total
];

MAT_fuelsaltp_VOLUME = [ 1.72475E+04 1.72475E+04 1.72475E+04 1.72475E+04 1.72475E+04 1.72475E+04 ];

MAT_fuelsaltp_BURNUP = [ 0.00000E+00 1.09565E+00 4.99826E+00 1.16747E+01 2.00763E+01 3.23824E+01 ];

MAT_fuelsaltp_ADENS = [
0.00000E+00 4.81144E-14 2.11419E-13 5.11438E-13 9.12947E-13 1.49925E-12 % lost data
7.60578E-02 7.60623E-02 7.60784E-02 7.61061E-02 7.61416E-02 7.61936E-02 % total
];

MAT_fuelsaltp_MDENS = [
0.00000E+00 0.00000E+00 0.00000E+00 0.00000E+00 0.00000E+00 0.00000E+00 % lost data
3.26462E+00 3.26461E+00 3.26456E+00 3.26448E+00 3.26437E+00 3.26423E+00 % total
];

MAT_fuelsaltp_A = [
0.00000E+00 0.00000E+00 0.00000E+00 0.00000E+00 0.00000E+00 0.00000E+00 % lost data
5.37988E+17 4.51665E+17 5.61723E+17 5.88231E+17 5.39619E+17 6.18591E+17 % total
];

MAT_fuelsaltp_H = [
0.00000E+00 0.00000E+00 0.00000E+00 0.00000E+00 0.00000E+00 0.00000E+00 % lost data
3.95622E+04 1.39431E+05 1.69048E+05 1.75462E+05 1.60255E+05 1.83146E+05 % total
];

MAT_fuelsaltp_SF = [
0.00000E+00 0.00000E+00 0.00000E+00 0.00000E+00 0.00000E+00 0.00000E+00 % lost data
7.52901E+08 8.82490E+08 9.48564E+08 1.04645E+09 1.13606E+09 1.24782E+09 % total
];

MAT_fuelsaltp_GSRC = [
0.00000E+00 0.00000E+00 0.00000E+00 0.00000E+00 0.00000E+00 0.00000E+00 % lost data
1.29702E+14 3.69232E+17 4.61811E+17 4.79076E+17 4.36119E+17 4.99331E+17 % total
];

MAT_fuelsaltp_ING_TOX = [
0.00000E+00 0.00000E+00 0.00000E+00 0.00000E+00 0.00000E+00 0.00000E+00 % lost data
2.89453E+08 3.08327E+08 4.06660E+08 4.45751E+08 4.45120E+08 5.04019E+08 % total
];

MAT_fuelsaltp_INH_TOX = [
0.00000E+00 0.00000E+00 0.00000E+00 0.00000E+00 0.00000E+00 0.00000E+00 % lost data
7.20927E+10 7.39266E+10 7.95511E+10 8.74737E+10 9.45256E+10 1.03343E+11 % total
];

TOT_VOLUME = [ 3.94972E+06 3.94972E+06 3.94972E+06 3.94972E+06 3.94972E+06 3.94972E+06 ];

TOT_BURNUP = [ 0.00000E+00 1.00024E+00 4.00084E+00 9.00175E+00 1.60034E+01 2.50051E+01 ];

TOT_ADENS = [
0.00000E+00 3.81548E-14 1.55083E-13 3.52609E-13 6.34467E-13 1.00808E-12 % lost data
7.60578E-02 7.60619E-02 7.60743E-02 7.60952E-02 7.61249E-02 7.61633E-02 % total
];

TOT_MASS = [
0.00000E+00 0.00000E+00 0.00000E+00 0.00000E+00 0.00000E+00 0.00000E+00 % lost data
1.28943E+07 1.28943E+07 1.28942E+07 1.28941E+07 1.28939E+07 1.28936E+07 % total
];

TOT_A = [
0.00000E+00 0.00000E+00 0.00000E+00 0.00000E+00 0.00000E+00 0.00000E+00 % lost data
1.23200E+20 1.08275E+20 1.14050E+20 1.16572E+20 1.18262E+20 1.19772E+20 % total
];

TOT_H = [
0.00000E+00 0.00000E+00 0.00000E+00 0.00000E+00 0.00000E+00 0.00000E+00 % lost data
9.05984E+06 3.01967E+07 3.11600E+07 3.17231E+07 3.21995E+07 3.26456E+07 % total
];

TOT_SF = [
0.00000E+00 0.00000E+00 0.00000E+00 0.00000E+00 0.00000E+00 0.00000E+00 % lost data
1.72416E+11 2.02251E+11 2.15830E+11 2.35423E+11 2.57472E+11 2.80361E+11 % total
];

TOT_GSRC = [
0.00000E+00 0.00000E+00 0.00000E+00 0.00000E+00 0.00000E+00 0.00000E+00 % lost data
2.97021E+16 9.12710E+19 9.62151E+19 9.75395E+19 9.82893E+19 9.89535E+19 % total
];

TOT_ING_TOX = [
0.00000E+00 0.00000E+00 0.00000E+00 0.00000E+00 0.00000E+00 0.00000E+00 % lost data
6.62854E+10 7.24730E+10 8.55561E+10 9.17841E+10 9.72472E+10 1.02432E+11 % total
];

TOT_INH_TOX = [
0.00000E+00 0.00000E+00 0.00000E+00 0.00000E+00 0.00000E+00 0.00000E+00 % lost data
1.65094E+13 1.69471E+13 1.80910E+13 1.96936E+13 2.14284E+13 2.31185E+13 % total
];

BU = [ 0.00000E+00 1.00000E+00 4.00000E+00 9.00000E+00 1.60000E+01 2.50000E+01 ];

DAYS = [ 0.00000E+00 1.08810E+01 4.35241E+01 9.79292E+01 1.74096E+02 2.72026E+02 ];
