
ZAI = [
666
0
];

NAMES = [
'lost            '
'total           '
];

iLOST    = 1;
iTOT     = 2;

MAT_fuelsalt_VOLUME = [ 3.92991E+06 3.92991E+06 3.92991E+06 3.92991E+06 3.92991E+06 3.92991E+06 ];

MAT_fuelsalt_BURNUP = [ 0.00000E+00 9.98850E-01 3.99474E+00 8.98833E+00 1.59807E+01 2.49726E+01 ];

MAT_fuelsalt_ADENS = [
0.00000E+00 3.80934E-14 1.54386E-13 3.51300E-13 6.33532E-13 1.00547E-12 % lost data
7.60578E-02 7.60618E-02 7.60743E-02 7.60952E-02 7.61248E-02 7.61631E-02 % total
];

MAT_fuelsalt_MDENS = [
0.00000E+00 0.00000E+00 0.00000E+00 0.00000E+00 0.00000E+00 0.00000E+00 % lost data
3.26462E+00 3.26461E+00 3.26459E+00 3.26456E+00 3.26451E+00 3.26444E+00 % total
];

MAT_fuelsalt_A = [
0.00000E+00 0.00000E+00 0.00000E+00 0.00000E+00 0.00000E+00 0.00000E+00 % lost data
1.22583E+20 1.07781E+20 1.13465E+20 1.16213E+20 1.17805E+20 1.18827E+20 % total
];

MAT_fuelsalt_H = [
0.00000E+00 0.00000E+00 0.00000E+00 0.00000E+00 0.00000E+00 0.00000E+00 % lost data
9.01441E+06 3.00314E+07 3.09833E+07 3.15654E+07 3.20515E+07 3.24366E+07 % total
];

MAT_fuelsalt_SF = [
0.00000E+00 0.00000E+00 0.00000E+00 0.00000E+00 0.00000E+00 0.00000E+00 % lost data
1.71551E+11 2.01266E+11 2.14777E+11 2.34398E+11 2.56628E+11 2.79210E+11 % total
];

MAT_fuelsalt_GSRC = [
0.00000E+00 0.00000E+00 0.00000E+00 0.00000E+00 0.00000E+00 0.00000E+00 % lost data
2.95531E+16 9.08574E+19 9.57429E+19 9.72820E+19 9.78980E+19 9.81344E+19 % total
];

MAT_fuelsalt_ING_TOX = [
0.00000E+00 0.00000E+00 0.00000E+00 0.00000E+00 0.00000E+00 0.00000E+00 % lost data
6.59530E+10 7.21228E+10 8.51138E+10 9.14101E+10 9.68389E+10 1.01815E+11 % total
];

MAT_fuelsalt_INH_TOX = [
0.00000E+00 0.00000E+00 0.00000E+00 0.00000E+00 0.00000E+00 0.00000E+00 % lost data
1.64266E+13 1.68645E+13 1.79998E+13 1.96032E+13 2.13481E+13 2.30147E+13 % total
];

MAT_fuelsaltp_VOLUME = [ 1.73227E+04 1.73227E+04 1.73227E+04 1.73227E+04 1.73227E+04 1.73227E+04 ];

MAT_fuelsaltp_BURNUP = [ 0.00000E+00 1.30811E+00 5.38255E+00 1.20945E+01 2.12307E+01 3.25250E+01 ];

MAT_fuelsaltp_ADENS = [
0.00000E+00 5.77746E-14 2.27607E-13 5.25351E-13 9.31950E-13 1.47377E-12 % lost data
7.60578E-02 7.60631E-02 7.60799E-02 7.61077E-02 7.61462E-02 7.61943E-02 % total
];

MAT_fuelsaltp_MDENS = [
0.00000E+00 0.00000E+00 0.00000E+00 0.00000E+00 0.00000E+00 0.00000E+00 % lost data
3.26462E+00 3.26461E+00 3.26455E+00 3.26447E+00 3.26436E+00 3.26423E+00 % total
];

MAT_fuelsaltp_A = [
0.00000E+00 0.00000E+00 0.00000E+00 0.00000E+00 0.00000E+00 0.00000E+00 % lost data
5.40334E+17 5.44472E+17 5.89283E+17 5.95038E+17 5.90323E+17 5.75097E+17 % total
];

MAT_fuelsaltp_H = [
0.00000E+00 0.00000E+00 0.00000E+00 0.00000E+00 0.00000E+00 0.00000E+00 % lost data
3.97348E+04 1.67375E+05 1.76979E+05 1.76877E+05 1.75084E+05 1.70392E+05 % total
];

MAT_fuelsaltp_SF = [
0.00000E+00 0.00000E+00 0.00000E+00 0.00000E+00 0.00000E+00 0.00000E+00 % lost data
7.56185E+08 8.89771E+08 9.61374E+08 1.06229E+09 1.17134E+09 1.26735E+09 % total
];

MAT_fuelsaltp_GSRC = [
0.00000E+00 0.00000E+00 0.00000E+00 0.00000E+00 0.00000E+00 0.00000E+00 % lost data
1.30268E+14 4.48193E+17 4.84644E+17 4.85372E+17 4.77928E+17 4.62796E+17 % total
];

MAT_fuelsaltp_ING_TOX = [
0.00000E+00 0.00000E+00 0.00000E+00 0.00000E+00 0.00000E+00 0.00000E+00 % lost data
2.90716E+08 3.42154E+08 4.21726E+08 4.52284E+08 4.73911E+08 4.87504E+08 % total
];

MAT_fuelsaltp_INH_TOX = [
0.00000E+00 0.00000E+00 0.00000E+00 0.00000E+00 0.00000E+00 0.00000E+00 % lost data
7.24072E+10 7.45604E+10 8.06191E+10 8.88950E+10 9.74228E+10 1.04540E+11 % total
];

TOT_VOLUME = [ 3.94724E+06 3.94724E+06 3.94724E+06 3.94724E+06 3.94724E+06 3.94724E+06 ];

TOT_BURNUP = [ 0.00000E+00 1.00021E+00 4.00083E+00 9.00196E+00 1.60037E+01 2.50057E+01 ];

TOT_ADENS = [
0.00000E+00 3.81798E-14 1.54707E-13 3.52064E-13 6.34842E-13 1.00753E-12 % lost data
7.60578E-02 7.60619E-02 7.60743E-02 7.60952E-02 7.61249E-02 7.61633E-02 % total
];

TOT_MASS = [
0.00000E+00 0.00000E+00 0.00000E+00 0.00000E+00 0.00000E+00 0.00000E+00 % lost data
1.28862E+07 1.28862E+07 1.28861E+07 1.28860E+07 1.28858E+07 1.28855E+07 % total
];

TOT_A = [
0.00000E+00 0.00000E+00 0.00000E+00 0.00000E+00 0.00000E+00 0.00000E+00 % lost data
1.23123E+20 1.08326E+20 1.14054E+20 1.16808E+20 1.18395E+20 1.19402E+20 % total
];

TOT_H = [
0.00000E+00 0.00000E+00 0.00000E+00 0.00000E+00 0.00000E+00 0.00000E+00 % lost data
9.05414E+06 3.01988E+07 3.11603E+07 3.17422E+07 3.22266E+07 3.26070E+07 % total
];

TOT_SF = [
0.00000E+00 0.00000E+00 0.00000E+00 0.00000E+00 0.00000E+00 0.00000E+00 % lost data
1.72308E+11 2.02156E+11 2.15738E+11 2.35460E+11 2.57799E+11 2.80478E+11 % total
];

TOT_GSRC = [
0.00000E+00 0.00000E+00 0.00000E+00 0.00000E+00 0.00000E+00 0.00000E+00 % lost data
2.96834E+16 9.13056E+19 9.62276E+19 9.77673E+19 9.83760E+19 9.85972E+19 % total
];

TOT_ING_TOX = [
0.00000E+00 0.00000E+00 0.00000E+00 0.00000E+00 0.00000E+00 0.00000E+00 % lost data
6.62437E+10 7.24649E+10 8.55356E+10 9.18624E+10 9.73128E+10 1.02303E+11 % total
];

TOT_INH_TOX = [
0.00000E+00 0.00000E+00 0.00000E+00 0.00000E+00 0.00000E+00 0.00000E+00 % lost data
1.64990E+13 1.69391E+13 1.80804E+13 1.96921E+13 2.14456E+13 2.31193E+13 % total
];

BU = [ 0.00000E+00 1.00000E+00 4.00000E+00 9.00000E+00 1.60000E+01 2.50000E+01 ];

DAYS = [ 0.00000E+00 1.08742E+01 4.34967E+01 9.78677E+01 1.73987E+02 2.71855E+02 ];
